61 0.8854166666666666 0.6840277777777778 0.09027777777777778 0.09027777777777778 
76 0.4513888888888889 0.1909722222222222 0.09027777777777778 0.09027777777777778 
60 0.4548611111111111 0.9201388888888888 0.09027777777777778 0.09027777777777778 
130 0.052083333333333336 0.8159722222222222 0.09027777777777778 0.09027777777777778 
53 0.2361111111111111 0.7430555555555556 0.09027777777777778 0.09027777777777778 
152 0.9513888888888888 0.9305555555555556 0.09027777777777778 0.09027777777777778 
73 0.8541666666666666 0.22916666666666666 0.09027777777777778 0.09027777777777778 
53 0.5625 0.18055555555555555 0.09027777777777778 0.09027777777777778 
15 0.2326388888888889 0.6458333333333334 0.09027777777777778 0.09027777777777778 
103 0.6006944444444444 0.8263888888888888 0.09027777777777778 0.09027777777777778 
