58 0.2222222222222222 0.7708333333333334 0.09027777777777778 0.09027777777777778 
5 0.8784722222222222 0.7326388888888888 0.09027777777777778 0.09027777777777778 
154 0.2222222222222222 0.5208333333333334 0.09027777777777778 0.09027777777777778 
142 0.9548611111111112 0.1875 0.09027777777777778 0.09027777777777778 
79 0.2743055555555556 0.7326388888888888 0.09027777777777778 0.09027777777777778 
10 0.8715277777777778 0.19444444444444445 0.09027777777777778 0.09027777777777778 
156 0.2569444444444444 0.25 0.09027777777777778 0.09027777777777778 
76 0.8923611111111112 0.3993055555555556 0.09027777777777778 0.09027777777777778 
15 0.3368055555555556 0.5486111111111112 0.09027777777777778 0.09027777777777778 
139 0.5381944444444444 0.21180555555555555 0.09027777777777778 0.09027777777777778 
