103 0.8194444444444444 0.7847222222222222 0.09027777777777778 0.09027777777777778 
78 0.3229166666666667 0.5486111111111112 0.09027777777777778 0.09027777777777778 
136 0.8263888888888888 0.78125 0.09027777777777778 0.09027777777777778 
117 0.6006944444444444 0.4201388888888889 0.09027777777777778 0.09027777777777778 
58 0.8680555555555556 0.9166666666666666 0.09027777777777778 0.09027777777777778 
105 0.8680555555555556 0.2916666666666667 0.09027777777777778 0.09027777777777778 
151 0.4444444444444444 0.7152777777777778 0.09027777777777778 0.09027777777777778 
151 0.375 0.8541666666666666 0.09027777777777778 0.09027777777777778 
78 0.1388888888888889 0.46875 0.09027777777777778 0.09027777777777778 
142 0.2986111111111111 0.6805555555555556 0.09027777777777778 0.09027777777777778 
