65 0.3020833333333333 0.2951388888888889 0.09027777777777778 0.09027777777777778 
26 0.9166666666666666 0.7881944444444444 0.09027777777777778 0.09027777777777778 
144 0.4548611111111111 0.17708333333333334 0.09027777777777778 0.09027777777777778 
26 0.15625 0.7916666666666666 0.09027777777777778 0.09027777777777778 
61 0.9409722222222222 0.4652777777777778 0.09027777777777778 0.09027777777777778 
30 0.4722222222222222 0.6979166666666666 0.09027777777777778 0.09027777777777778 
113 0.5104166666666666 0.16319444444444445 0.09027777777777778 0.09027777777777778 
20 0.22916666666666666 0.7326388888888888 0.09027777777777778 0.09027777777777778 
90 0.6493055555555556 0.3368055555555556 0.09027777777777778 0.09027777777777778 
53 0.6458333333333334 0.9201388888888888 0.09027777777777778 0.09027777777777778 
