135 0.9166666666666666 0.6666666666666666 0.09027777777777778 0.09027777777777778 
47 0.9479166666666666 0.1284722222222222 0.09027777777777778 0.09027777777777778 
17 0.3229166666666667 0.6944444444444444 0.09027777777777778 0.09027777777777778 
108 0.7083333333333334 0.21875 0.09027777777777778 0.09027777777777778 
12 0.5069444444444444 0.2916666666666667 0.09027777777777778 0.09027777777777778 
152 0.9444444444444444 0.9097222222222222 0.09027777777777778 0.09027777777777778 
27 0.5486111111111112 0.1076388888888889 0.09027777777777778 0.09027777777777778 
21 0.5243055555555556 0.28125 0.09027777777777778 0.09027777777777778 
14 0.3402777777777778 0.7256944444444444 0.09027777777777778 0.09027777777777778 
42 0.6388888888888888 0.6701388888888888 0.09027777777777778 0.09027777777777778 
