75 0.6111111111111112 0.8506944444444444 0.09027777777777778 0.09027777777777778 
81 0.8819444444444444 0.22916666666666666 0.09027777777777778 0.09027777777777778 
89 0.21180555555555555 0.8020833333333334 0.09027777777777778 0.09027777777777778 
81 0.5763888888888888 0.875 0.09027777777777778 0.09027777777777778 
111 0.06597222222222222 0.08333333333333333 0.09027777777777778 0.09027777777777778 
62 0.8298611111111112 0.3888888888888889 0.09027777777777778 0.09027777777777778 
133 0.2743055555555556 0.2673611111111111 0.09027777777777778 0.09027777777777778 
76 0.4965277777777778 0.75 0.09027777777777778 0.09027777777777778 
11 0.6493055555555556 0.2951388888888889 0.09027777777777778 0.09027777777777778 
47 0.7951388888888888 0.5659722222222222 0.09027777777777778 0.09027777777777778 
