143 0.875 0.46875 0.09027777777777778 0.09027777777777778 
137 0.3229166666666667 0.9513888888888888 0.09027777777777778 0.09027777777777778 
154 0.7222222222222222 0.9270833333333334 0.09027777777777778 0.09027777777777778 
9 0.7430555555555556 0.10069444444444445 0.09027777777777778 0.09027777777777778 
89 0.1111111111111111 0.6527777777777778 0.09027777777777778 0.09027777777777778 
130 0.5486111111111112 0.9097222222222222 0.09027777777777778 0.09027777777777778 
29 0.7395833333333334 0.4097222222222222 0.09027777777777778 0.09027777777777778 
89 0.40625 0.7604166666666666 0.09027777777777778 0.09027777777777778 
93 0.2777777777777778 0.9027777777777778 0.09027777777777778 0.09027777777777778 
40 0.1284722222222222 0.4583333333333333 0.09027777777777778 0.09027777777777778 
