150 0.2638888888888889 0.9513888888888888 0.09027777777777778 0.09027777777777778 
105 0.8402777777777778 0.19791666666666666 0.09027777777777778 0.09027777777777778 
36 0.6770833333333334 0.3020833333333333 0.09027777777777778 0.09027777777777778 
70 0.20833333333333334 0.2708333333333333 0.09027777777777778 0.09027777777777778 
57 0.8611111111111112 0.71875 0.09027777777777778 0.09027777777777778 
74 0.1875 0.2847222222222222 0.09027777777777778 0.09027777777777778 
75 0.4375 0.65625 0.09027777777777778 0.09027777777777778 
19 0.7743055555555556 0.4652777777777778 0.09027777777777778 0.09027777777777778 
59 0.8090277777777778 0.7708333333333334 0.09027777777777778 0.09027777777777778 
99 0.4270833333333333 0.6319444444444444 0.09027777777777778 0.09027777777777778 
