71 0.6493055555555556 0.7013888888888888 0.09027777777777778 0.09027777777777778 
126 0.3194444444444444 0.13541666666666666 0.09027777777777778 0.09027777777777778 
5 0.4270833333333333 0.0763888888888889 0.09027777777777778 0.09027777777777778 
106 0.5902777777777778 0.8541666666666666 0.09027777777777778 0.09027777777777778 
136 0.6423611111111112 0.08333333333333333 0.09027777777777778 0.09027777777777778 
33 0.5486111111111112 0.1076388888888889 0.09027777777777778 0.09027777777777778 
63 0.8715277777777778 0.9479166666666666 0.09027777777777778 0.09027777777777778 
78 0.7673611111111112 0.1597222222222222 0.09027777777777778 0.09027777777777778 
109 0.6770833333333334 0.53125 0.09027777777777778 0.09027777777777778 
69 0.2673611111111111 0.7256944444444444 0.09027777777777778 0.09027777777777778 
