12 0.5972222222222222 0.17708333333333334 0.09027777777777778 0.09027777777777778 
144 0.1701388888888889 0.8888888888888888 0.09027777777777778 0.09027777777777778 
42 0.7118055555555556 0.84375 0.09027777777777778 0.09027777777777778 
38 0.7708333333333334 0.8993055555555556 0.09027777777777778 0.09027777777777778 
129 0.7222222222222222 0.7881944444444444 0.09027777777777778 0.09027777777777778 
87 0.13194444444444445 0.04513888888888889 0.09027777777777778 0.09027777777777778 
110 0.8159722222222222 0.3680555555555556 0.09027777777777778 0.09027777777777778 
55 0.9479166666666666 0.24305555555555555 0.09027777777777778 0.09027777777777778 
74 0.3819444444444444 0.2743055555555556 0.09027777777777778 0.09027777777777778 
21 0.8402777777777778 0.9131944444444444 0.09027777777777778 0.09027777777777778 
