8 0.2361111111111111 0.3229166666666667 0.09027777777777778 0.09027777777777778 
45 0.3194444444444444 0.3993055555555556 0.09027777777777778 0.09027777777777778 
14 0.5625 0.5659722222222222 0.09027777777777778 0.09027777777777778 
103 0.6388888888888888 0.2048611111111111 0.09027777777777778 0.09027777777777778 
7 0.3159722222222222 0.3541666666666667 0.09027777777777778 0.09027777777777778 
147 0.2569444444444444 0.16319444444444445 0.09027777777777778 0.09027777777777778 
129 0.4652777777777778 0.6701388888888888 0.09027777777777778 0.09027777777777778 
60 0.875 0.10416666666666667 0.09027777777777778 0.09027777777777778 
153 0.3541666666666667 0.9548611111111112 0.09027777777777778 0.09027777777777778 
83 0.6076388888888888 0.8506944444444444 0.09027777777777778 0.09027777777777778 
