112 0.2986111111111111 0.17708333333333334 0.09027777777777778 0.09027777777777778 
138 0.9270833333333334 0.40625 0.09027777777777778 0.09027777777777778 
80 0.46875 0.8333333333333334 0.09027777777777778 0.09027777777777778 
157 0.4548611111111111 0.5104166666666666 0.09027777777777778 0.09027777777777778 
64 0.125 0.10416666666666667 0.09027777777777778 0.09027777777777778 
10 0.3923611111111111 0.4305555555555556 0.09027777777777778 0.09027777777777778 
23 0.4270833333333333 0.6041666666666666 0.09027777777777778 0.09027777777777778 
15 0.2847222222222222 0.1423611111111111 0.09027777777777778 0.09027777777777778 
4 0.3159722222222222 0.6979166666666666 0.09027777777777778 0.09027777777777778 
52 0.875 0.6770833333333334 0.09027777777777778 0.09027777777777778 
