65 0.09722222222222222 0.7291666666666666 0.09027777777777778 0.09027777777777778 
50 0.6770833333333334 0.5416666666666666 0.09027777777777778 0.09027777777777778 
63 0.4965277777777778 0.2013888888888889 0.09027777777777778 0.09027777777777778 
121 0.1736111111111111 0.04513888888888889 0.09027777777777778 0.09027777777777778 
34 0.5486111111111112 0.05555555555555555 0.09027777777777778 0.09027777777777778 
141 0.07291666666666667 0.20833333333333334 0.09027777777777778 0.09027777777777778 
6 0.5590277777777778 0.16666666666666666 0.09027777777777778 0.09027777777777778 
119 0.2222222222222222 0.7152777777777778 0.09027777777777778 0.09027777777777778 
106 0.15625 0.6006944444444444 0.09027777777777778 0.09027777777777778 
91 0.5451388888888888 0.375 0.09027777777777778 0.09027777777777778 
