145 0.05555555555555555 0.4201388888888889 0.09027777777777778 0.09027777777777778 
97 0.5486111111111112 0.8125 0.09027777777777778 0.09027777777777778 
16 0.09375 0.4861111111111111 0.09027777777777778 0.09027777777777778 
133 0.4722222222222222 0.5208333333333334 0.09027777777777778 0.09027777777777778 
21 0.3784722222222222 0.8194444444444444 0.09027777777777778 0.09027777777777778 
139 0.7708333333333334 0.9166666666666666 0.09027777777777778 0.09027777777777778 
21 0.8958333333333334 0.6180555555555556 0.09027777777777778 0.09027777777777778 
103 0.7777777777777778 0.4097222222222222 0.09027777777777778 0.09027777777777778 
32 0.4375 0.3576388888888889 0.09027777777777778 0.09027777777777778 
83 0.6527777777777778 0.1701388888888889 0.09027777777777778 0.09027777777777778 
