119 0.6701388888888888 0.19791666666666666 0.09027777777777778 0.09027777777777778 
14 0.40625 0.5590277777777778 0.09027777777777778 0.09027777777777778 
109 0.1111111111111111 0.90625 0.09027777777777778 0.09027777777777778 
63 0.6388888888888888 0.5104166666666666 0.09027777777777778 0.09027777777777778 
81 0.7986111111111112 0.2881944444444444 0.09027777777777778 0.09027777777777778 
75 0.375 0.8055555555555556 0.09027777777777778 0.09027777777777778 
24 0.71875 0.7465277777777778 0.09027777777777778 0.09027777777777778 
3 0.4409722222222222 0.05555555555555555 0.09027777777777778 0.09027777777777778 
120 0.71875 0.6145833333333334 0.09027777777777778 0.09027777777777778 
60 0.22569444444444445 0.09375 0.09027777777777778 0.09027777777777778 
