51 0.22569444444444445 0.4930555555555556 0.09027777777777778 0.09027777777777778 
36 0.9444444444444444 0.1423611111111111 0.09027777777777778 0.09027777777777778 
98 0.4131944444444444 0.4236111111111111 0.09027777777777778 0.09027777777777778 
111 0.2986111111111111 0.7465277777777778 0.09027777777777778 0.09027777777777778 
126 0.7777777777777778 0.6631944444444444 0.09027777777777778 0.09027777777777778 
123 0.18055555555555555 0.6875 0.09027777777777778 0.09027777777777778 
88 0.6875 0.3680555555555556 0.09027777777777778 0.09027777777777778 
137 0.2465277777777778 0.7534722222222222 0.09027777777777778 0.09027777777777778 
155 0.7083333333333334 0.59375 0.09027777777777778 0.09027777777777778 
123 0.5798611111111112 0.9513888888888888 0.09027777777777778 0.09027777777777778 
