66 0.6111111111111112 0.8645833333333334 0.09027777777777778 0.09027777777777778 
66 0.9479166666666666 0.07291666666666667 0.09027777777777778 0.09027777777777778 
106 0.8958333333333334 0.2465277777777778 0.09027777777777778 0.09027777777777778 
124 0.9201388888888888 0.90625 0.09027777777777778 0.09027777777777778 
68 0.9479166666666666 0.53125 0.09027777777777778 0.09027777777777778 
14 0.59375 0.7395833333333334 0.09027777777777778 0.09027777777777778 
22 0.052083333333333336 0.9375 0.09027777777777778 0.09027777777777778 
108 0.3888888888888889 0.8993055555555556 0.09027777777777778 0.09027777777777778 
62 0.22916666666666666 0.0763888888888889 0.09027777777777778 0.09027777777777778 
134 0.21875 0.11458333333333333 0.09027777777777778 0.09027777777777778 
