49 0.0798611111111111 0.19791666666666666 0.09027777777777778 0.09027777777777778 
134 0.11458333333333333 0.8888888888888888 0.09027777777777778 0.09027777777777778 
75 0.8923611111111112 0.6944444444444444 0.09027777777777778 0.09027777777777778 
123 0.5277777777777778 0.6909722222222222 0.09027777777777778 0.09027777777777778 
146 0.9131944444444444 0.90625 0.09027777777777778 0.09027777777777778 
41 0.3819444444444444 0.6701388888888888 0.09027777777777778 0.09027777777777778 
33 0.052083333333333336 0.7777777777777778 0.09027777777777778 0.09027777777777778 
22 0.1527777777777778 0.3923611111111111 0.09027777777777778 0.09027777777777778 
109 0.5138888888888888 0.25 0.09027777777777778 0.09027777777777778 
48 0.06944444444444445 0.7951388888888888 0.09027777777777778 0.09027777777777778 
