144 0.5868055555555556 0.3576388888888889 0.09027777777777778 0.09027777777777778 
27 0.7013888888888888 0.7152777777777778 0.09027777777777778 0.09027777777777778 
33 0.3125 0.5486111111111112 0.09027777777777778 0.09027777777777778 
56 0.8472222222222222 0.8159722222222222 0.09027777777777778 0.09027777777777778 
38 0.9513888888888888 0.6805555555555556 0.09027777777777778 0.09027777777777778 
120 0.7326388888888888 0.2708333333333333 0.09027777777777778 0.09027777777777778 
33 0.10416666666666667 0.19444444444444445 0.09027777777777778 0.09027777777777778 
133 0.5763888888888888 0.6770833333333334 0.09027777777777778 0.09027777777777778 
39 0.8055555555555556 0.1076388888888889 0.09027777777777778 0.09027777777777778 
52 0.3611111111111111 0.16319444444444445 0.09027777777777778 0.09027777777777778 
