37 0.9201388888888888 0.4097222222222222 0.09027777777777778 0.09027777777777778 
61 0.7291666666666666 0.2986111111111111 0.09027777777777778 0.09027777777777778 
94 0.5763888888888888 0.8090277777777778 0.09027777777777778 0.09027777777777778 
108 0.2951388888888889 0.09375 0.09027777777777778 0.09027777777777778 
152 0.3472222222222222 0.4513888888888889 0.09027777777777778 0.09027777777777778 
155 0.4479166666666667 0.8055555555555556 0.09027777777777778 0.09027777777777778 
123 0.24305555555555555 0.8645833333333334 0.09027777777777778 0.09027777777777778 
34 0.16666666666666666 0.6805555555555556 0.09027777777777778 0.09027777777777778 
55 0.71875 0.7673611111111112 0.09027777777777778 0.09027777777777778 
150 0.2048611111111111 0.9305555555555556 0.09027777777777778 0.09027777777777778 
