94 0.7395833333333334 0.6076388888888888 0.09027777777777778 0.09027777777777778 
114 0.3020833333333333 0.8611111111111112 0.09027777777777778 0.09027777777777778 
93 0.5416666666666666 0.9097222222222222 0.09027777777777778 0.09027777777777778 
65 0.5972222222222222 0.3680555555555556 0.09027777777777778 0.09027777777777778 
112 0.08333333333333333 0.7569444444444444 0.09027777777777778 0.09027777777777778 
16 0.13194444444444445 0.13541666666666666 0.09027777777777778 0.09027777777777778 
26 0.8333333333333334 0.4270833333333333 0.09027777777777778 0.09027777777777778 
4 0.16666666666666666 0.3333333333333333 0.09027777777777778 0.09027777777777778 
115 0.3368055555555556 0.4583333333333333 0.09027777777777778 0.09027777777777778 
67 0.7743055555555556 0.16666666666666666 0.09027777777777778 0.09027777777777778 
