7 0.6944444444444444 0.6875 0.09027777777777778 0.09027777777777778 
89 0.2152777777777778 0.8368055555555556 0.09027777777777778 0.09027777777777778 
81 0.14930555555555555 0.2013888888888889 0.09027777777777778 0.09027777777777778 
119 0.2604166666666667 0.09027777777777778 0.09027777777777778 0.09027777777777778 
96 0.05555555555555555 0.6944444444444444 0.09027777777777778 0.09027777777777778 
4 0.6388888888888888 0.4479166666666667 0.09027777777777778 0.09027777777777778 
63 0.1111111111111111 0.8263888888888888 0.09027777777777778 0.09027777777777778 
79 0.8680555555555556 0.125 0.09027777777777778 0.09027777777777778 
91 0.8506944444444444 0.2361111111111111 0.09027777777777778 0.09027777777777778 
127 0.7152777777777778 0.25 0.09027777777777778 0.09027777777777778 
