32 0.4930555555555556 0.5138888888888888 0.09027777777777778 0.09027777777777778 
96 0.7673611111111112 0.1423611111111111 0.09027777777777778 0.09027777777777778 
89 0.25 0.3125 0.09027777777777778 0.09027777777777778 
76 0.1076388888888889 0.3506944444444444 0.09027777777777778 0.09027777777777778 
124 0.6076388888888888 0.8229166666666666 0.09027777777777778 0.09027777777777778 
71 0.7465277777777778 0.4826388888888889 0.09027777777777778 0.09027777777777778 
97 0.4652777777777778 0.2708333333333333 0.09027777777777778 0.09027777777777778 
113 0.6111111111111112 0.2708333333333333 0.09027777777777778 0.09027777777777778 
117 0.19791666666666666 0.75 0.09027777777777778 0.09027777777777778 
9 0.8993055555555556 0.20833333333333334 0.09027777777777778 0.09027777777777778 
