72 0.7604166666666666 0.7673611111111112 0.09027777777777778 0.09027777777777778 
88 0.6944444444444444 0.3854166666666667 0.09027777777777778 0.09027777777777778 
19 0.6354166666666666 0.5173611111111112 0.09027777777777778 0.09027777777777778 
87 0.15625 0.15625 0.09027777777777778 0.09027777777777778 
87 0.1875 0.24305555555555555 0.09027777777777778 0.09027777777777778 
140 0.5104166666666666 0.18055555555555555 0.09027777777777778 0.09027777777777778 
60 0.4270833333333333 0.0798611111111111 0.09027777777777778 0.09027777777777778 
152 0.625 0.9131944444444444 0.09027777777777778 0.09027777777777778 
98 0.3819444444444444 0.65625 0.09027777777777778 0.09027777777777778 
60 0.6631944444444444 0.7847222222222222 0.09027777777777778 0.09027777777777778 
