102 0.7465277777777778 0.7291666666666666 0.09027777777777778 0.09027777777777778 
9 0.6493055555555556 0.10069444444444445 0.09027777777777778 0.09027777777777778 
8 0.28125 0.6076388888888888 0.09027777777777778 0.09027777777777778 
116 0.6319444444444444 0.8645833333333334 0.09027777777777778 0.09027777777777778 
69 0.7048611111111112 0.125 0.09027777777777778 0.09027777777777778 
114 0.3506944444444444 0.8506944444444444 0.09027777777777778 0.09027777777777778 
122 0.5069444444444444 0.5694444444444444 0.09027777777777778 0.09027777777777778 
121 0.3680555555555556 0.6388888888888888 0.09027777777777778 0.09027777777777778 
58 0.5590277777777778 0.5104166666666666 0.09027777777777778 0.09027777777777778 
143 0.11458333333333333 0.6631944444444444 0.09027777777777778 0.09027777777777778 
