129 0.1284722222222222 0.75 0.09027777777777778 0.09027777777777778 
102 0.5381944444444444 0.4131944444444444 0.09027777777777778 0.09027777777777778 
7 0.0625 0.3819444444444444 0.09027777777777778 0.09027777777777778 
55 0.09027777777777778 0.6111111111111112 0.09027777777777778 0.09027777777777778 
52 0.18055555555555555 0.17708333333333334 0.09027777777777778 0.09027777777777778 
63 0.6527777777777778 0.3159722222222222 0.09027777777777778 0.09027777777777778 
80 0.2916666666666667 0.7361111111111112 0.09027777777777778 0.09027777777777778 
136 0.5520833333333334 0.6284722222222222 0.09027777777777778 0.09027777777777778 
10 0.9479166666666666 0.3229166666666667 0.09027777777777778 0.09027777777777778 
130 0.125 0.7534722222222222 0.09027777777777778 0.09027777777777778 
