17 0.0798611111111111 0.7326388888888888 0.09027777777777778 0.09027777777777778 
137 0.40625 0.7916666666666666 0.09027777777777778 0.09027777777777778 
65 0.09027777777777778 0.3888888888888889 0.09027777777777778 0.09027777777777778 
36 0.4618055555555556 0.9201388888888888 0.09027777777777778 0.09027777777777778 
10 0.5833333333333334 0.1597222222222222 0.09027777777777778 0.09027777777777778 
109 0.5590277777777778 0.4965277777777778 0.09027777777777778 0.09027777777777778 
126 0.2916666666666667 0.8020833333333334 0.09027777777777778 0.09027777777777778 
48 0.7673611111111112 0.6145833333333334 0.09027777777777778 0.09027777777777778 
58 0.5555555555555556 0.9305555555555556 0.09027777777777778 0.09027777777777778 
109 0.2951388888888889 0.4756944444444444 0.09027777777777778 0.09027777777777778 
