147 0.8055555555555556 0.4722222222222222 0.09027777777777778 0.09027777777777778 
92 0.1423611111111111 0.0625 0.09027777777777778 0.09027777777777778 
136 0.4583333333333333 0.2951388888888889 0.09027777777777778 0.09027777777777778 
101 0.19444444444444445 0.40625 0.09027777777777778 0.09027777777777778 
81 0.3576388888888889 0.1076388888888889 0.09027777777777778 0.09027777777777778 
74 0.5277777777777778 0.875 0.09027777777777778 0.09027777777777778 
39 0.8125 0.3194444444444444 0.09027777777777778 0.09027777777777778 
84 0.11805555555555555 0.8506944444444444 0.09027777777777778 0.09027777777777778 
93 0.40625 0.19791666666666666 0.09027777777777778 0.09027777777777778 
41 0.2534722222222222 0.6493055555555556 0.09027777777777778 0.09027777777777778 
