47 0.17708333333333334 0.8263888888888888 0.09027777777777778 0.09027777777777778 
76 0.3263888888888889 0.7708333333333334 0.09027777777777778 0.09027777777777778 
95 0.6458333333333334 0.3368055555555556 0.09027777777777778 0.09027777777777778 
98 0.6076388888888888 0.6041666666666666 0.09027777777777778 0.09027777777777778 
111 0.8923611111111112 0.1388888888888889 0.09027777777777778 0.09027777777777778 
153 0.9236111111111112 0.8715277777777778 0.09027777777777778 0.09027777777777778 
53 0.71875 0.7708333333333334 0.09027777777777778 0.09027777777777778 
111 0.16666666666666666 0.11805555555555555 0.09027777777777778 0.09027777777777778 
119 0.625 0.3402777777777778 0.09027777777777778 0.09027777777777778 
31 0.5034722222222222 0.4270833333333333 0.09027777777777778 0.09027777777777778 
