90 0.2222222222222222 0.8680555555555556 0.09027777777777778 0.09027777777777778 
60 0.4513888888888889 0.16666666666666666 0.09027777777777778 0.09027777777777778 
55 0.3888888888888889 0.07291666666666667 0.09027777777777778 0.09027777777777778 
115 0.5173611111111112 0.7326388888888888 0.09027777777777778 0.09027777777777778 
102 0.7708333333333334 0.24305555555555555 0.09027777777777778 0.09027777777777778 
10 0.6701388888888888 0.3368055555555556 0.09027777777777778 0.09027777777777778 
100 0.4756944444444444 0.3993055555555556 0.09027777777777778 0.09027777777777778 
76 0.9479166666666666 0.7222222222222222 0.09027777777777778 0.09027777777777778 
39 0.5138888888888888 0.6597222222222222 0.09027777777777778 0.09027777777777778 
112 0.3854166666666667 0.90625 0.09027777777777778 0.09027777777777778 
