58 0.6840277777777778 0.4131944444444444 0.09027777777777778 0.09027777777777778 
92 0.8854166666666666 0.7951388888888888 0.09027777777777778 0.09027777777777778 
74 0.7256944444444444 0.8854166666666666 0.09027777777777778 0.09027777777777778 
125 0.5347222222222222 0.7326388888888888 0.09027777777777778 0.09027777777777778 
153 0.0625 0.7569444444444444 0.09027777777777778 0.09027777777777778 
105 0.28125 0.8993055555555556 0.09027777777777778 0.09027777777777778 
56 0.5520833333333334 0.9270833333333334 0.09027777777777778 0.09027777777777778 
132 0.9375 0.3854166666666667 0.09027777777777778 0.09027777777777778 
40 0.7673611111111112 0.0763888888888889 0.09027777777777778 0.09027777777777778 
3 0.5243055555555556 0.9027777777777778 0.09027777777777778 0.09027777777777778 
