101 0.5659722222222222 0.3402777777777778 0.09027777777777778 0.09027777777777778 
16 0.5416666666666666 0.3368055555555556 0.09027777777777778 0.09027777777777778 
128 0.9166666666666666 0.8923611111111112 0.09027777777777778 0.09027777777777778 
156 0.40625 0.052083333333333336 0.09027777777777778 0.09027777777777778 
55 0.13541666666666666 0.6215277777777778 0.09027777777777778 0.09027777777777778 
109 0.5868055555555556 0.05555555555555555 0.09027777777777778 0.09027777777777778 
123 0.9444444444444444 0.9513888888888888 0.09027777777777778 0.09027777777777778 
66 0.5243055555555556 0.2916666666666667 0.09027777777777778 0.09027777777777778 
65 0.7256944444444444 0.3159722222222222 0.09027777777777778 0.09027777777777778 
51 0.6215277777777778 0.6979166666666666 0.09027777777777778 0.09027777777777778 
