141 0.8402777777777778 0.2569444444444444 0.09027777777777778 0.09027777777777778 
143 0.2986111111111111 0.9097222222222222 0.09027777777777778 0.09027777777777778 
106 0.6493055555555556 0.08333333333333333 0.09027777777777778 0.09027777777777778 
130 0.22569444444444445 0.11458333333333333 0.09027777777777778 0.09027777777777778 
120 0.6770833333333334 0.2673611111111111 0.09027777777777778 0.09027777777777778 
84 0.3541666666666667 0.6041666666666666 0.09027777777777778 0.09027777777777778 
4 0.9201388888888888 0.6840277777777778 0.09027777777777778 0.09027777777777778 
103 0.8020833333333334 0.1423611111111111 0.09027777777777778 0.09027777777777778 
131 0.65625 0.3993055555555556 0.09027777777777778 0.09027777777777778 
83 0.10416666666666667 0.09375 0.09027777777777778 0.09027777777777778 
