24 0.3055555555555556 0.7916666666666666 0.09027777777777778 0.09027777777777778 
130 0.4583333333333333 0.9513888888888888 0.09027777777777778 0.09027777777777778 
41 0.5659722222222222 0.4965277777777778 0.09027777777777778 0.09027777777777778 
18 0.375 0.5277777777777778 0.09027777777777778 0.09027777777777778 
17 0.2881944444444444 0.7881944444444444 0.09027777777777778 0.09027777777777778 
67 0.90625 0.4409722222222222 0.09027777777777778 0.09027777777777778 
11 0.06944444444444445 0.1840277777777778 0.09027777777777778 0.09027777777777778 
14 0.7534722222222222 0.5868055555555556 0.09027777777777778 0.09027777777777778 
124 0.6805555555555556 0.3402777777777778 0.09027777777777778 0.09027777777777778 
102 0.052083333333333336 0.3368055555555556 0.09027777777777778 0.09027777777777778 
