144 0.5590277777777778 0.5104166666666666 0.09027777777777778 0.09027777777777778 
86 0.6041666666666666 0.4097222222222222 0.09027777777777778 0.09027777777777778 
100 0.4756944444444444 0.16319444444444445 0.09027777777777778 0.09027777777777778 
68 0.2847222222222222 0.7291666666666666 0.09027777777777778 0.09027777777777778 
140 0.7604166666666666 0.6215277777777778 0.09027777777777778 0.09027777777777778 
44 0.3368055555555556 0.2986111111111111 0.09027777777777778 0.09027777777777778 
36 0.5243055555555556 0.9097222222222222 0.09027777777777778 0.09027777777777778 
54 0.8090277777777778 0.3194444444444444 0.09027777777777778 0.09027777777777778 
93 0.84375 0.9166666666666666 0.09027777777777778 0.09027777777777778 
135 0.8888888888888888 0.6597222222222222 0.09027777777777778 0.09027777777777778 
