26 0.4583333333333333 0.7152777777777778 0.09027777777777778 0.09027777777777778 
93 0.125 0.16319444444444445 0.09027777777777778 0.09027777777777778 
73 0.4965277777777778 0.9479166666666666 0.09027777777777778 0.09027777777777778 
126 0.07291666666666667 0.3888888888888889 0.09027777777777778 0.09027777777777778 
54 0.3159722222222222 0.4305555555555556 0.09027777777777778 0.09027777777777778 
118 0.20833333333333334 0.3055555555555556 0.09027777777777778 0.09027777777777778 
24 0.06944444444444445 0.8645833333333334 0.09027777777777778 0.09027777777777778 
52 0.6388888888888888 0.5451388888888888 0.09027777777777778 0.09027777777777778 
25 0.84375 0.6909722222222222 0.09027777777777778 0.09027777777777778 
64 0.5972222222222222 0.6388888888888888 0.09027777777777778 0.09027777777777778 
