109 0.5902777777777778 0.5347222222222222 0.09027777777777778 0.09027777777777778 
2 0.8576388888888888 0.17708333333333334 0.09027777777777778 0.09027777777777778 
42 0.4513888888888889 0.8159722222222222 0.09027777777777778 0.09027777777777778 
78 0.8541666666666666 0.84375 0.09027777777777778 0.09027777777777778 
92 0.2986111111111111 0.09027777777777778 0.09027777777777778 0.09027777777777778 
67 0.7638888888888888 0.2569444444444444 0.09027777777777778 0.09027777777777778 
100 0.3055555555555556 0.6840277777777778 0.09027777777777778 0.09027777777777778 
48 0.7777777777777778 0.5555555555555556 0.09027777777777778 0.09027777777777778 
98 0.8506944444444444 0.2673611111111111 0.09027777777777778 0.09027777777777778 
67 0.5729166666666666 0.65625 0.09027777777777778 0.09027777777777778 
