41 0.53125 0.11458333333333333 0.09027777777777778 0.09027777777777778 
157 0.8125 0.2708333333333333 0.09027777777777778 0.09027777777777778 
69 0.14583333333333334 0.5 0.09027777777777778 0.09027777777777778 
121 0.4722222222222222 0.3645833333333333 0.09027777777777778 0.09027777777777778 
123 0.8645833333333334 0.5868055555555556 0.09027777777777778 0.09027777777777778 
25 0.9479166666666666 0.59375 0.09027777777777778 0.09027777777777778 
3 0.04513888888888889 0.5243055555555556 0.09027777777777778 0.09027777777777778 
56 0.9236111111111112 0.40625 0.09027777777777778 0.09027777777777778 
134 0.8541666666666666 0.24305555555555555 0.09027777777777778 0.09027777777777778 
16 0.1875 0.052083333333333336 0.09027777777777778 0.09027777777777778 
