82 0.78125 0.17708333333333334 0.09027777777777778 0.09027777777777778 
90 0.2465277777777778 0.7291666666666666 0.09027777777777778 0.09027777777777778 
13 0.9409722222222222 0.6111111111111112 0.09027777777777778 0.09027777777777778 
103 0.9097222222222222 0.7465277777777778 0.09027777777777778 0.09027777777777778 
79 0.9548611111111112 0.7361111111111112 0.09027777777777778 0.09027777777777778 
49 0.5451388888888888 0.16666666666666666 0.09027777777777778 0.09027777777777778 
64 0.3125 0.6770833333333334 0.09027777777777778 0.09027777777777778 
54 0.6388888888888888 0.0763888888888889 0.09027777777777778 0.09027777777777778 
8 0.4895833333333333 0.8298611111111112 0.09027777777777778 0.09027777777777778 
80 0.17708333333333334 0.9375 0.09027777777777778 0.09027777777777778 
