7 0.07291666666666667 0.3506944444444444 0.09027777777777778 0.09027777777777778 
80 0.6770833333333334 0.08333333333333333 0.09027777777777778 0.09027777777777778 
19 0.6631944444444444 0.11458333333333333 0.09027777777777778 0.09027777777777778 
50 0.8194444444444444 0.10069444444444445 0.09027777777777778 0.09027777777777778 
3 0.07291666666666667 0.1701388888888889 0.09027777777777778 0.09027777777777778 
18 0.90625 0.13194444444444445 0.09027777777777778 0.09027777777777778 
109 0.8020833333333334 0.4236111111111111 0.09027777777777778 0.09027777777777778 
22 0.7708333333333334 0.0625 0.09027777777777778 0.09027777777777778 
88 0.125 0.5451388888888888 0.09027777777777778 0.09027777777777778 
30 0.3333333333333333 0.6527777777777778 0.09027777777777778 0.09027777777777778 
