50 0.3784722222222222 0.8958333333333334 0.09027777777777778 0.09027777777777778 
116 0.7986111111111112 0.3784722222222222 0.09027777777777778 0.09027777777777778 
141 0.23958333333333334 0.7152777777777778 0.09027777777777778 0.09027777777777778 
132 0.5277777777777778 0.7048611111111112 0.09027777777777778 0.09027777777777778 
121 0.6041666666666666 0.8715277777777778 0.09027777777777778 0.09027777777777778 
150 0.34375 0.6770833333333334 0.09027777777777778 0.09027777777777778 
110 0.11458333333333333 0.7916666666666666 0.09027777777777778 0.09027777777777778 
88 0.5486111111111112 0.5416666666666666 0.09027777777777778 0.09027777777777778 
84 0.8541666666666666 0.7222222222222222 0.09027777777777778 0.09027777777777778 
152 0.53125 0.3263888888888889 0.09027777777777778 0.09027777777777778 
