103 0.3368055555555556 0.059027777777777776 0.09027777777777778 0.09027777777777778 
118 0.9409722222222222 0.2048611111111111 0.09027777777777778 0.09027777777777778 
60 0.9201388888888888 0.06944444444444445 0.09027777777777778 0.09027777777777778 
19 0.3333333333333333 0.09375 0.09027777777777778 0.09027777777777778 
134 0.09722222222222222 0.8194444444444444 0.09027777777777778 0.09027777777777778 
78 0.04513888888888889 0.625 0.09027777777777778 0.09027777777777778 
69 0.9027777777777778 0.0798611111111111 0.09027777777777778 0.09027777777777778 
116 0.5451388888888888 0.7777777777777778 0.09027777777777778 0.09027777777777778 
141 0.9166666666666666 0.21875 0.09027777777777778 0.09027777777777778 
131 0.2604166666666667 0.4930555555555556 0.09027777777777778 0.09027777777777778 
