147 0.18055555555555555 0.7534722222222222 0.09027777777777778 0.09027777777777778 
154 0.2361111111111111 0.90625 0.09027777777777778 0.09027777777777778 
151 0.9097222222222222 0.6909722222222222 0.09027777777777778 0.09027777777777778 
130 0.21180555555555555 0.8958333333333334 0.09027777777777778 0.09027777777777778 
19 0.4722222222222222 0.059027777777777776 0.09027777777777778 0.09027777777777778 
147 0.4236111111111111 0.5138888888888888 0.09027777777777778 0.09027777777777778 
107 0.1284722222222222 0.9513888888888888 0.09027777777777778 0.09027777777777778 
139 0.10069444444444445 0.08333333333333333 0.09027777777777778 0.09027777777777778 
38 0.12152777777777778 0.6909722222222222 0.09027777777777778 0.09027777777777778 
111 0.09722222222222222 0.8645833333333334 0.09027777777777778 0.09027777777777778 
