127 0.6180555555555556 0.3020833333333333 0.09027777777777778 0.09027777777777778 
131 0.4652777777777778 0.4930555555555556 0.09027777777777778 0.09027777777777778 
33 0.16319444444444445 0.6840277777777778 0.09027777777777778 0.09027777777777778 
146 0.7638888888888888 0.09375 0.09027777777777778 0.09027777777777778 
100 0.4375 0.2986111111111111 0.09027777777777778 0.09027777777777778 
60 0.8541666666666666 0.5694444444444444 0.09027777777777778 0.09027777777777778 
154 0.40625 0.5590277777777778 0.09027777777777778 0.09027777777777778 
125 0.6180555555555556 0.9375 0.09027777777777778 0.09027777777777778 
5 0.8055555555555556 0.8923611111111112 0.09027777777777778 0.09027777777777778 
75 0.5451388888888888 0.7048611111111112 0.09027777777777778 0.09027777777777778 
