89 0.28125 0.5729166666666666 0.09027777777777778 0.09027777777777778 
45 0.9270833333333334 0.9236111111111112 0.09027777777777778 0.09027777777777778 
136 0.15625 0.3472222222222222 0.09027777777777778 0.09027777777777778 
90 0.0625 0.2881944444444444 0.09027777777777778 0.09027777777777778 
46 0.8159722222222222 0.9201388888888888 0.09027777777777778 0.09027777777777778 
40 0.9409722222222222 0.3576388888888889 0.09027777777777778 0.09027777777777778 
100 0.16319444444444445 0.4548611111111111 0.09027777777777778 0.09027777777777778 
85 0.3819444444444444 0.6284722222222222 0.09027777777777778 0.09027777777777778 
2 0.09375 0.8784722222222222 0.09027777777777778 0.09027777777777778 
111 0.7048611111111112 0.5520833333333334 0.09027777777777778 0.09027777777777778 
