5 0.3263888888888889 0.5381944444444444 0.09027777777777778 0.09027777777777778 
127 0.4826388888888889 0.3993055555555556 0.09027777777777778 0.09027777777777778 
96 0.19444444444444445 0.3368055555555556 0.09027777777777778 0.09027777777777778 
43 0.3576388888888889 0.7465277777777778 0.09027777777777778 0.09027777777777778 
57 0.9548611111111112 0.3159722222222222 0.09027777777777778 0.09027777777777778 
31 0.8611111111111112 0.10416666666666667 0.09027777777777778 0.09027777777777778 
116 0.9201388888888888 0.8159722222222222 0.09027777777777778 0.09027777777777778 
80 0.3055555555555556 0.4861111111111111 0.09027777777777778 0.09027777777777778 
93 0.2361111111111111 0.4861111111111111 0.09027777777777778 0.09027777777777778 
11 0.2361111111111111 0.16666666666666666 0.09027777777777778 0.09027777777777778 
