155 0.7951388888888888 0.3958333333333333 0.09027777777777778 0.09027777777777778 
133 0.8958333333333334 0.2534722222222222 0.09027777777777778 0.09027777777777778 
157 0.5520833333333334 0.1423611111111111 0.09027777777777778 0.09027777777777778 
32 0.5625 0.07291666666666667 0.09027777777777778 0.09027777777777778 
47 0.6388888888888888 0.8819444444444444 0.09027777777777778 0.09027777777777778 
100 0.11458333333333333 0.7291666666666666 0.09027777777777778 0.09027777777777778 
36 0.3402777777777778 0.13541666666666666 0.09027777777777778 0.09027777777777778 
34 0.6631944444444444 0.15625 0.09027777777777778 0.09027777777777778 
105 0.1875 0.4861111111111111 0.09027777777777778 0.09027777777777778 
5 0.20833333333333334 0.9375 0.09027777777777778 0.09027777777777778 
