50 0.5173611111111112 0.6979166666666666 0.09027777777777778 0.09027777777777778 
123 0.7743055555555556 0.6145833333333334 0.09027777777777778 0.09027777777777778 
6 0.6736111111111112 0.9444444444444444 0.09027777777777778 0.09027777777777778 
54 0.3159722222222222 0.4722222222222222 0.09027777777777778 0.09027777777777778 
114 0.6944444444444444 0.7951388888888888 0.09027777777777778 0.09027777777777778 
91 0.2013888888888889 0.4409722222222222 0.09027777777777778 0.09027777777777778 
79 0.14930555555555555 0.9479166666666666 0.09027777777777778 0.09027777777777778 
45 0.4444444444444444 0.9305555555555556 0.09027777777777778 0.09027777777777778 
95 0.9305555555555556 0.2013888888888889 0.09027777777777778 0.09027777777777778 
124 0.4861111111111111 0.5 0.09027777777777778 0.09027777777777778 
