42 0.6631944444444444 0.8784722222222222 0.09027777777777778 0.09027777777777778 
6 0.1840277777777778 0.0798611111111111 0.09027777777777778 0.09027777777777778 
63 0.6076388888888888 0.1527777777777778 0.09027777777777778 0.09027777777777778 
2 0.6111111111111112 0.5659722222222222 0.09027777777777778 0.09027777777777778 
104 0.8472222222222222 0.7777777777777778 0.09027777777777778 0.09027777777777778 
4 0.6458333333333334 0.3680555555555556 0.09027777777777778 0.09027777777777778 
81 0.0798611111111111 0.13194444444444445 0.09027777777777778 0.09027777777777778 
36 0.7222222222222222 0.3194444444444444 0.09027777777777778 0.09027777777777778 
152 0.40625 0.3576388888888889 0.09027777777777778 0.09027777777777778 
84 0.1076388888888889 0.7256944444444444 0.09027777777777778 0.09027777777777778 
