24 0.8368055555555556 0.4375 0.09027777777777778 0.09027777777777778 
116 0.8090277777777778 0.1597222222222222 0.09027777777777778 0.09027777777777778 
117 0.10069444444444445 0.4791666666666667 0.09027777777777778 0.09027777777777778 
102 0.7465277777777778 0.13541666666666666 0.09027777777777778 0.09027777777777778 
70 0.8333333333333334 0.9027777777777778 0.09027777777777778 0.09027777777777778 
33 0.6527777777777778 0.7986111111111112 0.09027777777777778 0.09027777777777778 
71 0.7256944444444444 0.7916666666666666 0.09027777777777778 0.09027777777777778 
29 0.8055555555555556 0.4930555555555556 0.09027777777777778 0.09027777777777778 
136 0.4756944444444444 0.6458333333333334 0.09027777777777778 0.09027777777777778 
12 0.7326388888888888 0.13194444444444445 0.09027777777777778 0.09027777777777778 
