18 0.10069444444444445 0.7986111111111112 0.09027777777777778 0.09027777777777778 
47 0.5868055555555556 0.5104166666666666 0.09027777777777778 0.09027777777777778 
21 0.4618055555555556 0.2465277777777778 0.09027777777777778 0.09027777777777778 
149 0.3854166666666667 0.6458333333333334 0.09027777777777778 0.09027777777777778 
28 0.2222222222222222 0.5381944444444444 0.09027777777777778 0.09027777777777778 
74 0.19444444444444445 0.8888888888888888 0.09027777777777778 0.09027777777777778 
34 0.3472222222222222 0.7951388888888888 0.09027777777777778 0.09027777777777778 
107 0.4861111111111111 0.2604166666666667 0.09027777777777778 0.09027777777777778 
40 0.4131944444444444 0.90625 0.09027777777777778 0.09027777777777778 
154 0.25 0.8402777777777778 0.09027777777777778 0.09027777777777778 
