68 0.8194444444444444 0.4548611111111111 0.09027777777777778 0.09027777777777778 
29 0.3159722222222222 0.9270833333333334 0.09027777777777778 0.09027777777777778 
87 0.4722222222222222 0.9409722222222222 0.09027777777777778 0.09027777777777778 
137 0.4131944444444444 0.3680555555555556 0.09027777777777778 0.09027777777777778 
15 0.05555555555555555 0.08333333333333333 0.09027777777777778 0.09027777777777778 
101 0.8472222222222222 0.8541666666666666 0.09027777777777778 0.09027777777777778 
102 0.1701388888888889 0.8993055555555556 0.09027777777777778 0.09027777777777778 
66 0.9097222222222222 0.5694444444444444 0.09027777777777778 0.09027777777777778 
22 0.1736111111111111 0.6631944444444444 0.09027777777777778 0.09027777777777778 
136 0.2708333333333333 0.13541666666666666 0.09027777777777778 0.09027777777777778 
