149 0.6458333333333334 0.7048611111111112 0.09027777777777778 0.09027777777777778 
140 0.7326388888888888 0.6701388888888888 0.09027777777777778 0.09027777777777778 
54 0.24305555555555555 0.4826388888888889 0.09027777777777778 0.09027777777777778 
101 0.2013888888888889 0.3194444444444444 0.09027777777777778 0.09027777777777778 
31 0.375 0.05555555555555555 0.09027777777777778 0.09027777777777778 
11 0.9513888888888888 0.5729166666666666 0.09027777777777778 0.09027777777777778 
77 0.1284722222222222 0.40625 0.09027777777777778 0.09027777777777778 
110 0.4930555555555556 0.1909722222222222 0.09027777777777778 0.09027777777777778 
144 0.4930555555555556 0.7256944444444444 0.09027777777777778 0.09027777777777778 
11 0.16666666666666666 0.7083333333333334 0.09027777777777778 0.09027777777777778 
