89 0.9201388888888888 0.1597222222222222 0.09027777777777778 0.09027777777777778 
67 0.6354166666666666 0.7951388888888888 0.09027777777777778 0.09027777777777778 
82 0.7986111111111112 0.13194444444444445 0.09027777777777778 0.09027777777777778 
41 0.4236111111111111 0.17708333333333334 0.09027777777777778 0.09027777777777778 
78 0.8541666666666666 0.16666666666666666 0.09027777777777778 0.09027777777777778 
101 0.5 0.1076388888888889 0.09027777777777778 0.09027777777777778 
99 0.1527777777777778 0.7604166666666666 0.09027777777777778 0.09027777777777778 
154 0.2326388888888889 0.8263888888888888 0.09027777777777778 0.09027777777777778 
146 0.13541666666666666 0.13194444444444445 0.09027777777777778 0.09027777777777778 
35 0.4756944444444444 0.4236111111111111 0.09027777777777778 0.09027777777777778 
