47 0.09375 0.08333333333333333 0.09027777777777778 0.09027777777777778 
138 0.6458333333333334 0.5798611111111112 0.09027777777777778 0.09027777777777778 
28 0.7430555555555556 0.8333333333333334 0.09027777777777778 0.09027777777777778 
36 0.2986111111111111 0.2847222222222222 0.09027777777777778 0.09027777777777778 
79 0.3368055555555556 0.875 0.09027777777777778 0.09027777777777778 
129 0.3854166666666667 0.8576388888888888 0.09027777777777778 0.09027777777777778 
99 0.7256944444444444 0.08680555555555555 0.09027777777777778 0.09027777777777778 
23 0.1840277777777778 0.5972222222222222 0.09027777777777778 0.09027777777777778 
101 0.3888888888888889 0.5763888888888888 0.09027777777777778 0.09027777777777778 
128 0.3125 0.8055555555555556 0.09027777777777778 0.09027777777777778 
