42 0.5104166666666666 0.8541666666666666 0.09027777777777778 0.09027777777777778 
151 0.7986111111111112 0.9236111111111112 0.09027777777777778 0.09027777777777778 
116 0.34375 0.09027777777777778 0.09027777777777778 0.09027777777777778 
120 0.5208333333333334 0.6319444444444444 0.09027777777777778 0.09027777777777778 
60 0.6423611111111112 0.1076388888888889 0.09027777777777778 0.09027777777777778 
127 0.5590277777777778 0.7256944444444444 0.09027777777777778 0.09027777777777778 
66 0.8819444444444444 0.8784722222222222 0.09027777777777778 0.09027777777777778 
13 0.0798611111111111 0.6076388888888888 0.09027777777777778 0.09027777777777778 
157 0.1909722222222222 0.6701388888888888 0.09027777777777778 0.09027777777777778 
18 0.9097222222222222 0.8229166666666666 0.09027777777777778 0.09027777777777778 
