117 0.6701388888888888 0.3229166666666667 0.09027777777777778 0.09027777777777778 
30 0.5243055555555556 0.06944444444444445 0.09027777777777778 0.09027777777777778 
56 0.5486111111111112 0.6388888888888888 0.09027777777777778 0.09027777777777778 
117 0.6805555555555556 0.9201388888888888 0.09027777777777778 0.09027777777777778 
111 0.12152777777777778 0.8715277777777778 0.09027777777777778 0.09027777777777778 
29 0.5590277777777778 0.11458333333333333 0.09027777777777778 0.09027777777777778 
4 0.5659722222222222 0.6527777777777778 0.09027777777777778 0.09027777777777778 
67 0.1909722222222222 0.1423611111111111 0.09027777777777778 0.09027777777777778 
88 0.8368055555555556 0.5833333333333334 0.09027777777777778 0.09027777777777778 
128 0.2743055555555556 0.3923611111111111 0.09027777777777778 0.09027777777777778 
