155 0.6909722222222222 0.8888888888888888 0.09027777777777778 0.09027777777777778 
32 0.6736111111111112 0.6666666666666666 0.09027777777777778 0.09027777777777778 
59 0.4583333333333333 0.2361111111111111 0.09027777777777778 0.09027777777777778 
10 0.5486111111111112 0.3784722222222222 0.09027777777777778 0.09027777777777778 
8 0.3090277777777778 0.1875 0.09027777777777778 0.09027777777777778 
46 0.2326388888888889 0.1284722222222222 0.09027777777777778 0.09027777777777778 
56 0.3506944444444444 0.4479166666666667 0.09027777777777778 0.09027777777777778 
76 0.7847222222222222 0.9479166666666666 0.09027777777777778 0.09027777777777778 
74 0.8368055555555556 0.06597222222222222 0.09027777777777778 0.09027777777777778 
17 0.6111111111111112 0.13194444444444445 0.09027777777777778 0.09027777777777778 
