136 0.2986111111111111 0.3229166666666667 0.09027777777777778 0.09027777777777778 
87 0.75 0.059027777777777776 0.09027777777777778 0.09027777777777778 
7 0.2152777777777778 0.8541666666666666 0.09027777777777778 0.09027777777777778 
30 0.6979166666666666 0.3125 0.09027777777777778 0.09027777777777778 
97 0.9097222222222222 0.4652777777777778 0.09027777777777778 0.09027777777777778 
154 0.13194444444444445 0.7083333333333334 0.09027777777777778 0.09027777777777778 
74 0.7430555555555556 0.9340277777777778 0.09027777777777778 0.09027777777777778 
144 0.3958333333333333 0.4270833333333333 0.09027777777777778 0.09027777777777778 
7 0.5381944444444444 0.5590277777777778 0.09027777777777778 0.09027777777777778 
74 0.7013888888888888 0.8090277777777778 0.09027777777777778 0.09027777777777778 
