3 0.40625 0.9097222222222222 0.09027777777777778 0.09027777777777778 
104 0.3194444444444444 0.3020833333333333 0.09027777777777778 0.09027777777777778 
43 0.8263888888888888 0.7326388888888888 0.09027777777777778 0.09027777777777778 
67 0.7048611111111112 0.10416666666666667 0.09027777777777778 0.09027777777777778 
94 0.9513888888888888 0.875 0.09027777777777778 0.09027777777777778 
85 0.7152777777777778 0.06944444444444445 0.09027777777777778 0.09027777777777778 
25 0.8055555555555556 0.1284722222222222 0.09027777777777778 0.09027777777777778 
53 0.8125 0.3229166666666667 0.09027777777777778 0.09027777777777778 
54 0.4270833333333333 0.5868055555555556 0.09027777777777778 0.09027777777777778 
36 0.8368055555555556 0.09375 0.09027777777777778 0.09027777777777778 
