72 0.8368055555555556 0.7534722222222222 0.09027777777777778 0.09027777777777778 
48 0.8506944444444444 0.2916666666666667 0.09027777777777778 0.09027777777777778 
74 0.4652777777777778 0.1111111111111111 0.09027777777777778 0.09027777777777778 
79 0.12152777777777778 0.78125 0.09027777777777778 0.09027777777777778 
102 0.6597222222222222 0.8645833333333334 0.09027777777777778 0.09027777777777778 
46 0.2013888888888889 0.4826388888888889 0.09027777777777778 0.09027777777777778 
71 0.5625 0.7777777777777778 0.09027777777777778 0.09027777777777778 
5 0.7118055555555556 0.4409722222222222 0.09027777777777778 0.09027777777777778 
130 0.5451388888888888 0.5902777777777778 0.09027777777777778 0.09027777777777778 
73 0.6284722222222222 0.90625 0.09027777777777778 0.09027777777777778 
