70 0.5520833333333334 0.4270833333333333 0.09027777777777778 0.09027777777777778 
40 0.2152777777777778 0.6354166666666666 0.09027777777777778 0.09027777777777778 
90 0.17708333333333334 0.5833333333333334 0.09027777777777778 0.09027777777777778 
145 0.9027777777777778 0.4652777777777778 0.09027777777777778 0.09027777777777778 
13 0.8611111111111112 0.3298611111111111 0.09027777777777778 0.09027777777777778 
137 0.65625 0.3576388888888889 0.09027777777777778 0.09027777777777778 
146 0.9166666666666666 0.8020833333333334 0.09027777777777778 0.09027777777777778 
103 0.5381944444444444 0.8506944444444444 0.09027777777777778 0.09027777777777778 
97 0.53125 0.2777777777777778 0.09027777777777778 0.09027777777777778 
46 0.19444444444444445 0.3958333333333333 0.09027777777777778 0.09027777777777778 
