147 0.16666666666666666 0.4375 0.09027777777777778 0.09027777777777778 
141 0.11458333333333333 0.1597222222222222 0.09027777777777778 0.09027777777777778 
149 0.1875 0.6597222222222222 0.09027777777777778 0.09027777777777778 
76 0.4722222222222222 0.8854166666666666 0.09027777777777778 0.09027777777777778 
133 0.8645833333333334 0.8125 0.09027777777777778 0.09027777777777778 
23 0.8263888888888888 0.4097222222222222 0.09027777777777778 0.09027777777777778 
33 0.2152777777777778 0.1111111111111111 0.09027777777777778 0.09027777777777778 
51 0.3611111111111111 0.4930555555555556 0.09027777777777778 0.09027777777777778 
83 0.9201388888888888 0.5208333333333334 0.09027777777777778 0.09027777777777778 
39 0.0798611111111111 0.3020833333333333 0.09027777777777778 0.09027777777777778 
