127 0.08680555555555555 0.8784722222222222 0.09027777777777778 0.09027777777777778 
2 0.4305555555555556 0.0798611111111111 0.09027777777777778 0.09027777777777778 
112 0.4791666666666667 0.3541666666666667 0.09027777777777778 0.09027777777777778 
79 0.5243055555555556 0.22569444444444445 0.09027777777777778 0.09027777777777778 
129 0.8958333333333334 0.21180555555555555 0.09027777777777778 0.09027777777777778 
9 0.34375 0.8229166666666666 0.09027777777777778 0.09027777777777778 
29 0.8645833333333334 0.22916666666666666 0.09027777777777778 0.09027777777777778 
125 0.11458333333333333 0.6458333333333334 0.09027777777777778 0.09027777777777778 
61 0.7291666666666666 0.8090277777777778 0.09027777777777778 0.09027777777777778 
81 0.3680555555555556 0.06597222222222222 0.09027777777777778 0.09027777777777778 
