46 0.14583333333333334 0.375 0.09027777777777778 0.09027777777777778 
57 0.3854166666666667 0.4340277777777778 0.09027777777777778 0.09027777777777778 
27 0.13194444444444445 0.5798611111111112 0.09027777777777778 0.09027777777777778 
89 0.3541666666666667 0.10416666666666667 0.09027777777777778 0.09027777777777778 
88 0.8090277777777778 0.3333333333333333 0.09027777777777778 0.09027777777777778 
115 0.8263888888888888 0.6875 0.09027777777777778 0.09027777777777778 
116 0.6979166666666666 0.3194444444444444 0.09027777777777778 0.09027777777777778 
58 0.6354166666666666 0.6909722222222222 0.09027777777777778 0.09027777777777778 
147 0.3402777777777778 0.6111111111111112 0.09027777777777778 0.09027777777777778 
103 0.04513888888888889 0.17708333333333334 0.09027777777777778 0.09027777777777778 
