81 0.3125 0.052083333333333336 0.09027777777777778 0.09027777777777778 
71 0.8229166666666666 0.8958333333333334 0.09027777777777778 0.09027777777777778 
142 0.2777777777777778 0.11805555555555555 0.09027777777777778 0.09027777777777778 
46 0.4340277777777778 0.17708333333333334 0.09027777777777778 0.09027777777777778 
150 0.90625 0.1840277777777778 0.09027777777777778 0.09027777777777778 
67 0.0625 0.9409722222222222 0.09027777777777778 0.09027777777777778 
50 0.6944444444444444 0.3333333333333333 0.09027777777777778 0.09027777777777778 
43 0.4513888888888889 0.2326388888888889 0.09027777777777778 0.09027777777777778 
40 0.4305555555555556 0.7256944444444444 0.09027777777777778 0.09027777777777778 
127 0.2847222222222222 0.75 0.09027777777777778 0.09027777777777778 
