128 0.5729166666666666 0.5208333333333334 0.09027777777777778 0.09027777777777778 
76 0.78125 0.9409722222222222 0.09027777777777778 0.09027777777777778 
8 0.2222222222222222 0.3125 0.09027777777777778 0.09027777777777778 
40 0.25 0.3090277777777778 0.09027777777777778 0.09027777777777778 
121 0.5069444444444444 0.13194444444444445 0.09027777777777778 0.09027777777777778 
44 0.1701388888888889 0.05555555555555555 0.09027777777777778 0.09027777777777778 
131 0.3888888888888889 0.2673611111111111 0.09027777777777778 0.09027777777777778 
90 0.4756944444444444 0.9513888888888888 0.09027777777777778 0.09027777777777778 
27 0.22916666666666666 0.13194444444444445 0.09027777777777778 0.09027777777777778 
97 0.8020833333333334 0.5347222222222222 0.09027777777777778 0.09027777777777778 
