76 0.4479166666666667 0.7604166666666666 0.09027777777777778 0.09027777777777778 
140 0.5451388888888888 0.8090277777777778 0.09027777777777778 0.09027777777777778 
35 0.4965277777777778 0.2465277777777778 0.09027777777777778 0.09027777777777778 
146 0.9548611111111112 0.7708333333333334 0.09027777777777778 0.09027777777777778 
40 0.08333333333333333 0.2777777777777778 0.09027777777777778 0.09027777777777778 
109 0.3159722222222222 0.6423611111111112 0.09027777777777778 0.09027777777777778 
39 0.4513888888888889 0.4930555555555556 0.09027777777777778 0.09027777777777778 
69 0.9027777777777778 0.3020833333333333 0.09027777777777778 0.09027777777777778 
69 0.9375 0.7986111111111112 0.09027777777777778 0.09027777777777778 
138 0.0625 0.2326388888888889 0.09027777777777778 0.09027777777777778 
