137 0.4826388888888889 0.6458333333333334 0.09027777777777778 0.09027777777777778 
47 0.21875 0.16319444444444445 0.09027777777777778 0.09027777777777778 
4 0.14930555555555555 0.3159722222222222 0.09027777777777778 0.09027777777777778 
97 0.9027777777777778 0.3680555555555556 0.09027777777777778 0.09027777777777778 
141 0.4618055555555556 0.4548611111111111 0.09027777777777778 0.09027777777777778 
97 0.5798611111111112 0.5034722222222222 0.09027777777777778 0.09027777777777778 
94 0.7951388888888888 0.6701388888888888 0.09027777777777778 0.09027777777777778 
15 0.10069444444444445 0.5138888888888888 0.09027777777777778 0.09027777777777778 
29 0.2951388888888889 0.08333333333333333 0.09027777777777778 0.09027777777777778 
34 0.6770833333333334 0.8993055555555556 0.09027777777777778 0.09027777777777778 
