11 0.6736111111111112 0.4513888888888889 0.09027777777777778 0.09027777777777778 
128 0.625 0.8159722222222222 0.09027777777777778 0.09027777777777778 
34 0.4583333333333333 0.07291666666666667 0.09027777777777778 0.09027777777777778 
40 0.1527777777777778 0.6354166666666666 0.09027777777777778 0.09027777777777778 
154 0.9305555555555556 0.4722222222222222 0.09027777777777778 0.09027777777777778 
26 0.4548611111111111 0.23958333333333334 0.09027777777777778 0.09027777777777778 
120 0.2951388888888889 0.2048611111111111 0.09027777777777778 0.09027777777777778 
127 0.8888888888888888 0.8576388888888888 0.09027777777777778 0.09027777777777778 
145 0.2013888888888889 0.8958333333333334 0.09027777777777778 0.09027777777777778 
69 0.6284722222222222 0.3402777777777778 0.09027777777777778 0.09027777777777778 
