48 0.05555555555555555 0.5347222222222222 0.09027777777777778 0.09027777777777778 
91 0.5868055555555556 0.5104166666666666 0.09027777777777778 0.09027777777777778 
46 0.2048611111111111 0.1284722222222222 0.09027777777777778 0.09027777777777778 
71 0.46875 0.1840277777777778 0.09027777777777778 0.09027777777777778 
30 0.6770833333333334 0.1388888888888889 0.09027777777777778 0.09027777777777778 
121 0.9201388888888888 0.3576388888888889 0.09027777777777778 0.09027777777777778 
100 0.2743055555555556 0.5694444444444444 0.09027777777777778 0.09027777777777778 
108 0.4791666666666667 0.4270833333333333 0.09027777777777778 0.09027777777777778 
68 0.7430555555555556 0.1840277777777778 0.09027777777777778 0.09027777777777778 
135 0.04861111111111111 0.5625 0.09027777777777778 0.09027777777777778 
