116 0.1423611111111111 0.8472222222222222 0.09027777777777778 0.09027777777777778 
151 0.4444444444444444 0.6145833333333334 0.09027777777777778 0.09027777777777778 
121 0.8263888888888888 0.2708333333333333 0.09027777777777778 0.09027777777777778 
140 0.13194444444444445 0.7013888888888888 0.09027777777777778 0.09027777777777778 
91 0.1597222222222222 0.8090277777777778 0.09027777777777778 0.09027777777777778 
13 0.9548611111111112 0.9097222222222222 0.09027777777777778 0.09027777777777778 
28 0.5520833333333334 0.625 0.09027777777777778 0.09027777777777778 
53 0.09375 0.04513888888888889 0.09027777777777778 0.09027777777777778 
71 0.3611111111111111 0.3993055555555556 0.09027777777777778 0.09027777777777778 
78 0.7951388888888888 0.3298611111111111 0.09027777777777778 0.09027777777777778 
