90 0.10416666666666667 0.6909722222222222 0.09027777777777778 0.09027777777777778 
113 0.7986111111111112 0.125 0.09027777777777778 0.09027777777777778 
64 0.5069444444444444 0.19791666666666666 0.09027777777777778 0.09027777777777778 
49 0.9548611111111112 0.2048611111111111 0.09027777777777778 0.09027777777777778 
100 0.06944444444444445 0.5520833333333334 0.09027777777777778 0.09027777777777778 
28 0.22916666666666666 0.7430555555555556 0.09027777777777778 0.09027777777777778 
75 0.1111111111111111 0.5034722222222222 0.09027777777777778 0.09027777777777778 
44 0.8958333333333334 0.7083333333333334 0.09027777777777778 0.09027777777777778 
58 0.19791666666666666 0.34375 0.09027777777777778 0.09027777777777778 
15 0.3125 0.06597222222222222 0.09027777777777778 0.09027777777777778 
