14 0.6354166666666666 0.16666666666666666 0.09027777777777778 0.09027777777777778 
156 0.8645833333333334 0.3263888888888889 0.09027777777777778 0.09027777777777778 
135 0.8715277777777778 0.06597222222222222 0.09027777777777778 0.09027777777777778 
36 0.5902777777777778 0.5173611111111112 0.09027777777777778 0.09027777777777778 
4 0.052083333333333336 0.6979166666666666 0.09027777777777778 0.09027777777777778 
2 0.6840277777777778 0.11805555555555555 0.09027777777777778 0.09027777777777778 
123 0.7083333333333334 0.8576388888888888 0.09027777777777778 0.09027777777777778 
107 0.90625 0.4895833333333333 0.09027777777777778 0.09027777777777778 
55 0.65625 0.8506944444444444 0.09027777777777778 0.09027777777777778 
32 0.4131944444444444 0.125 0.09027777777777778 0.09027777777777778 
