96 0.06597222222222222 0.4305555555555556 0.09027777777777778 0.09027777777777778 
28 0.9131944444444444 0.4201388888888889 0.09027777777777778 0.09027777777777778 
47 0.2048611111111111 0.3993055555555556 0.09027777777777778 0.09027777777777778 
95 0.21180555555555555 0.2361111111111111 0.09027777777777778 0.09027777777777778 
11 0.4583333333333333 0.4965277777777778 0.09027777777777778 0.09027777777777778 
41 0.7256944444444444 0.8472222222222222 0.09027777777777778 0.09027777777777778 
2 0.6006944444444444 0.6597222222222222 0.09027777777777778 0.09027777777777778 
75 0.9375 0.65625 0.09027777777777778 0.09027777777777778 
144 0.3611111111111111 0.4305555555555556 0.09027777777777778 0.09027777777777778 
138 0.20833333333333334 0.5416666666666666 0.09027777777777778 0.09027777777777778 
