91 0.6354166666666666 0.13541666666666666 0.09027777777777778 0.09027777777777778 
140 0.4166666666666667 0.9305555555555556 0.09027777777777778 0.09027777777777778 
57 0.8680555555555556 0.9166666666666666 0.09027777777777778 0.09027777777777778 
76 0.6041666666666666 0.6388888888888888 0.09027777777777778 0.09027777777777778 
99 0.8506944444444444 0.5 0.09027777777777778 0.09027777777777778 
19 0.13541666666666666 0.1701388888888889 0.09027777777777778 0.09027777777777778 
61 0.21875 0.9097222222222222 0.09027777777777778 0.09027777777777778 
56 0.1840277777777778 0.6701388888888888 0.09027777777777778 0.09027777777777778 
73 0.6805555555555556 0.8645833333333334 0.09027777777777778 0.09027777777777778 
141 0.7881944444444444 0.3298611111111111 0.09027777777777778 0.09027777777777778 
