153 0.5138888888888888 0.1076388888888889 0.09027777777777778 0.09027777777777778 
105 0.8645833333333334 0.1840277777777778 0.09027777777777778 0.09027777777777778 
53 0.9548611111111112 0.7638888888888888 0.09027777777777778 0.09027777777777778 
29 0.6215277777777778 0.8090277777777778 0.09027777777777778 0.09027777777777778 
69 0.18055555555555555 0.5104166666666666 0.09027777777777778 0.09027777777777778 
96 0.5659722222222222 0.7951388888888888 0.09027777777777778 0.09027777777777778 
4 0.4895833333333333 0.6423611111111112 0.09027777777777778 0.09027777777777778 
141 0.6458333333333334 0.8680555555555556 0.09027777777777778 0.09027777777777778 
76 0.8333333333333334 0.8229166666666666 0.09027777777777778 0.09027777777777778 
16 0.6215277777777778 0.14930555555555555 0.09027777777777778 0.09027777777777778 
