70 0.0625 0.5798611111111112 0.09027777777777778 0.09027777777777778 
137 0.6909722222222222 0.16666666666666666 0.09027777777777778 0.09027777777777778 
113 0.46875 0.28125 0.09027777777777778 0.09027777777777778 
56 0.1423611111111111 0.09722222222222222 0.09027777777777778 0.09027777777777778 
140 0.12152777777777778 0.5 0.09027777777777778 0.09027777777777778 
18 0.13541666666666666 0.3993055555555556 0.09027777777777778 0.09027777777777778 
62 0.4826388888888889 0.8506944444444444 0.09027777777777778 0.09027777777777778 
88 0.5381944444444444 0.7430555555555556 0.09027777777777778 0.09027777777777778 
1 0.4166666666666667 0.1701388888888889 0.09027777777777778 0.09027777777777778 
32 0.5520833333333334 0.6631944444444444 0.09027777777777778 0.09027777777777778 
