131 0.0625 0.2673611111111111 0.09027777777777778 0.09027777777777778 
140 0.9097222222222222 0.6354166666666666 0.09027777777777778 0.09027777777777778 
61 0.3263888888888889 0.13194444444444445 0.09027777777777778 0.09027777777777778 
118 0.1840277777777778 0.5833333333333334 0.09027777777777778 0.09027777777777778 
100 0.9444444444444444 0.7291666666666666 0.09027777777777778 0.09027777777777778 
141 0.28125 0.65625 0.09027777777777778 0.09027777777777778 
132 0.0625 0.13194444444444445 0.09027777777777778 0.09027777777777778 
144 0.3333333333333333 0.4826388888888889 0.09027777777777778 0.09027777777777778 
154 0.3784722222222222 0.75 0.09027777777777778 0.09027777777777778 
119 0.8194444444444444 0.3958333333333333 0.09027777777777778 0.09027777777777778 
