112 0.7256944444444444 0.24305555555555555 0.09027777777777778 0.09027777777777778 
154 0.8784722222222222 0.5069444444444444 0.09027777777777778 0.09027777777777778 
123 0.7951388888888888 0.625 0.09027777777777778 0.09027777777777778 
88 0.2361111111111111 0.5173611111111112 0.09027777777777778 0.09027777777777778 
155 0.7534722222222222 0.5034722222222222 0.09027777777777778 0.09027777777777778 
48 0.4722222222222222 0.19791666666666666 0.09027777777777778 0.09027777777777778 
99 0.7986111111111112 0.4826388888888889 0.09027777777777778 0.09027777777777778 
36 0.6388888888888888 0.14583333333333334 0.09027777777777778 0.09027777777777778 
57 0.9201388888888888 0.13541666666666666 0.09027777777777778 0.09027777777777778 
110 0.8923611111111112 0.28125 0.09027777777777778 0.09027777777777778 
