96 0.18055555555555555 0.3368055555555556 0.09027777777777778 0.09027777777777778 
112 0.3263888888888889 0.8888888888888888 0.09027777777777778 0.09027777777777778 
109 0.2361111111111111 0.4201388888888889 0.09027777777777778 0.09027777777777778 
79 0.1736111111111111 0.16666666666666666 0.09027777777777778 0.09027777777777778 
86 0.53125 0.9097222222222222 0.09027777777777778 0.09027777777777778 
22 0.4305555555555556 0.2847222222222222 0.09027777777777778 0.09027777777777778 
124 0.16319444444444445 0.3263888888888889 0.09027777777777778 0.09027777777777778 
8 0.7395833333333334 0.5729166666666666 0.09027777777777778 0.09027777777777778 
68 0.5555555555555556 0.7291666666666666 0.09027777777777778 0.09027777777777778 
61 0.7604166666666666 0.9131944444444444 0.09027777777777778 0.09027777777777778 
