77 0.7395833333333334 0.3923611111111111 0.09027777777777778 0.09027777777777778 
2 0.9375 0.19444444444444445 0.09027777777777778 0.09027777777777778 
123 0.3333333333333333 0.2604166666666667 0.09027777777777778 0.09027777777777778 
126 0.5486111111111112 0.5694444444444444 0.09027777777777778 0.09027777777777778 
23 0.6006944444444444 0.3055555555555556 0.09027777777777778 0.09027777777777778 
86 0.2916666666666667 0.3020833333333333 0.09027777777777778 0.09027777777777778 
55 0.8854166666666666 0.23958333333333334 0.09027777777777778 0.09027777777777778 
101 0.6180555555555556 0.5243055555555556 0.09027777777777778 0.09027777777777778 
154 0.9305555555555556 0.7743055555555556 0.09027777777777778 0.09027777777777778 
131 0.6631944444444444 0.5694444444444444 0.09027777777777778 0.09027777777777778 
