59 0.3263888888888889 0.6666666666666666 0.09027777777777778 0.09027777777777778 
66 0.6145833333333334 0.8541666666666666 0.09027777777777778 0.09027777777777778 
20 0.9131944444444444 0.6805555555555556 0.09027777777777778 0.09027777777777778 
41 0.11805555555555555 0.4131944444444444 0.09027777777777778 0.09027777777777778 
139 0.9340277777777778 0.5173611111111112 0.09027777777777778 0.09027777777777778 
38 0.4479166666666667 0.6527777777777778 0.09027777777777778 0.09027777777777778 
106 0.4409722222222222 0.3923611111111111 0.09027777777777778 0.09027777777777778 
2 0.6805555555555556 0.5 0.09027777777777778 0.09027777777777778 
121 0.17708333333333334 0.15625 0.09027777777777778 0.09027777777777778 
38 0.5416666666666666 0.17708333333333334 0.09027777777777778 0.09027777777777778 
