123 0.2222222222222222 0.6180555555555556 0.09027777777777778 0.09027777777777778 
146 0.6354166666666666 0.6493055555555556 0.09027777777777778 0.09027777777777778 
33 0.9027777777777778 0.7465277777777778 0.09027777777777778 0.09027777777777778 
22 0.2986111111111111 0.7951388888888888 0.09027777777777778 0.09027777777777778 
136 0.8229166666666666 0.7326388888888888 0.09027777777777778 0.09027777777777778 
5 0.8472222222222222 0.9270833333333334 0.09027777777777778 0.09027777777777778 
132 0.8541666666666666 0.0625 0.09027777777777778 0.09027777777777778 
23 0.3888888888888889 0.3263888888888889 0.09027777777777778 0.09027777777777778 
27 0.8263888888888888 0.9270833333333334 0.09027777777777778 0.09027777777777778 
2 0.4340277777777778 0.8333333333333334 0.09027777777777778 0.09027777777777778 
