25 0.13541666666666666 0.2048611111111111 0.09027777777777778 0.09027777777777778 
19 0.8715277777777778 0.5972222222222222 0.09027777777777778 0.09027777777777778 
51 0.0625 0.5416666666666666 0.09027777777777778 0.09027777777777778 
123 0.2569444444444444 0.2951388888888889 0.09027777777777778 0.09027777777777778 
4 0.8055555555555556 0.5277777777777778 0.09027777777777778 0.09027777777777778 
148 0.8645833333333334 0.4097222222222222 0.09027777777777778 0.09027777777777778 
50 0.6354166666666666 0.8229166666666666 0.09027777777777778 0.09027777777777778 
147 0.5451388888888888 0.5486111111111112 0.09027777777777778 0.09027777777777778 
99 0.13541666666666666 0.7708333333333334 0.09027777777777778 0.09027777777777778 
111 0.8819444444444444 0.7881944444444444 0.09027777777777778 0.09027777777777778 
