6 0.5243055555555556 0.71875 0.09027777777777778 0.09027777777777778 
47 0.6388888888888888 0.4756944444444444 0.09027777777777778 0.09027777777777778 
99 0.4201388888888889 0.21875 0.09027777777777778 0.09027777777777778 
96 0.5034722222222222 0.2361111111111111 0.09027777777777778 0.09027777777777778 
86 0.7534722222222222 0.625 0.09027777777777778 0.09027777777777778 
35 0.5694444444444444 0.5243055555555556 0.09027777777777778 0.09027777777777778 
109 0.46875 0.6180555555555556 0.09027777777777778 0.09027777777777778 
3 0.17708333333333334 0.4305555555555556 0.09027777777777778 0.09027777777777778 
103 0.21875 0.4652777777777778 0.09027777777777778 0.09027777777777778 
56 0.4444444444444444 0.2847222222222222 0.09027777777777778 0.09027777777777778 
