118 0.53125 0.7534722222222222 0.09027777777777778 0.09027777777777778 
46 0.9166666666666666 0.28125 0.09027777777777778 0.09027777777777778 
79 0.53125 0.19791666666666666 0.09027777777777778 0.09027777777777778 
56 0.19444444444444445 0.21875 0.09027777777777778 0.09027777777777778 
108 0.8993055555555556 0.6909722222222222 0.09027777777777778 0.09027777777777778 
89 0.3576388888888889 0.9097222222222222 0.09027777777777778 0.09027777777777778 
92 0.3715277777777778 0.71875 0.09027777777777778 0.09027777777777778 
78 0.3263888888888889 0.20833333333333334 0.09027777777777778 0.09027777777777778 
78 0.4270833333333333 0.0625 0.09027777777777778 0.09027777777777778 
96 0.6736111111111112 0.9236111111111112 0.09027777777777778 0.09027777777777778 
