14 0.9409722222222222 0.53125 0.09027777777777778 0.09027777777777778 
146 0.6666666666666666 0.2881944444444444 0.09027777777777778 0.09027777777777778 
138 0.28125 0.11458333333333333 0.09027777777777778 0.09027777777777778 
26 0.5729166666666666 0.0798611111111111 0.09027777777777778 0.09027777777777778 
63 0.8333333333333334 0.78125 0.09027777777777778 0.09027777777777778 
89 0.2881944444444444 0.04861111111111111 0.09027777777777778 0.09027777777777778 
37 0.6111111111111112 0.1875 0.09027777777777778 0.09027777777777778 
101 0.4027777777777778 0.3541666666666667 0.09027777777777778 0.09027777777777778 
31 0.8229166666666666 0.3784722222222222 0.09027777777777778 0.09027777777777778 
3 0.4340277777777778 0.5520833333333334 0.09027777777777778 0.09027777777777778 
