58 0.8611111111111112 0.25 0.09027777777777778 0.09027777777777778 
37 0.24305555555555555 0.5138888888888888 0.09027777777777778 0.09027777777777778 
1 0.22569444444444445 0.2604166666666667 0.09027777777777778 0.09027777777777778 
103 0.3229166666666667 0.9270833333333334 0.09027777777777778 0.09027777777777778 
20 0.7361111111111112 0.2708333333333333 0.09027777777777778 0.09027777777777778 
74 0.4027777777777778 0.4861111111111111 0.09027777777777778 0.09027777777777778 
2 0.8611111111111112 0.2743055555555556 0.09027777777777778 0.09027777777777778 
103 0.4097222222222222 0.2534722222222222 0.09027777777777778 0.09027777777777778 
91 0.8958333333333334 0.4791666666666667 0.09027777777777778 0.09027777777777778 
88 0.5243055555555556 0.8958333333333334 0.09027777777777778 0.09027777777777778 
