155 0.7673611111111112 0.40625 0.09027777777777778 0.09027777777777778 
130 0.5416666666666666 0.23958333333333334 0.09027777777777778 0.09027777777777778 
10 0.2534722222222222 0.4444444444444444 0.09027777777777778 0.09027777777777778 
93 0.7534722222222222 0.84375 0.09027777777777778 0.09027777777777778 
64 0.2361111111111111 0.23958333333333334 0.09027777777777778 0.09027777777777778 
98 0.3333333333333333 0.7743055555555556 0.09027777777777778 0.09027777777777778 
60 0.8854166666666666 0.5243055555555556 0.09027777777777778 0.09027777777777778 
94 0.6701388888888888 0.5590277777777778 0.09027777777777778 0.09027777777777778 
24 0.2013888888888889 0.5451388888888888 0.09027777777777778 0.09027777777777778 
139 0.6319444444444444 0.5 0.09027777777777778 0.09027777777777778 
