83 0.3923611111111111 0.4236111111111111 0.09027777777777778 0.09027777777777778 
129 0.4791666666666667 0.7395833333333334 0.09027777777777778 0.09027777777777778 
137 0.9270833333333334 0.5104166666666666 0.09027777777777778 0.09027777777777778 
100 0.16319444444444445 0.8541666666666666 0.09027777777777778 0.09027777777777778 
88 0.8854166666666666 0.3402777777777778 0.09027777777777778 0.09027777777777778 
120 0.4618055555555556 0.6597222222222222 0.09027777777777778 0.09027777777777778 
7 0.7118055555555556 0.09375 0.09027777777777778 0.09027777777777778 
101 0.125 0.09027777777777778 0.09027777777777778 0.09027777777777778 
7 0.13541666666666666 0.7743055555555556 0.09027777777777778 0.09027777777777778 
79 0.3541666666666667 0.5034722222222222 0.09027777777777778 0.09027777777777778 
