128 0.05555555555555555 0.2326388888888889 0.09027777777777778 0.09027777777777778 
72 0.6458333333333334 0.7604166666666666 0.09027777777777778 0.09027777777777778 
147 0.7986111111111112 0.875 0.09027777777777778 0.09027777777777778 
35 0.7083333333333334 0.5451388888888888 0.09027777777777778 0.09027777777777778 
121 0.7847222222222222 0.9270833333333334 0.09027777777777778 0.09027777777777778 
128 0.3229166666666667 0.9236111111111112 0.09027777777777778 0.09027777777777778 
1 0.8576388888888888 0.6145833333333334 0.09027777777777778 0.09027777777777778 
23 0.9027777777777778 0.9097222222222222 0.09027777777777778 0.09027777777777778 
42 0.8263888888888888 0.3506944444444444 0.09027777777777778 0.09027777777777778 
129 0.4409722222222222 0.3680555555555556 0.09027777777777778 0.09027777777777778 
