95 0.2951388888888889 0.4895833333333333 0.09027777777777778 0.09027777777777778 
49 0.2465277777777778 0.14583333333333334 0.09027777777777778 0.09027777777777778 
96 0.9097222222222222 0.4722222222222222 0.09027777777777778 0.09027777777777778 
42 0.5625 0.5625 0.09027777777777778 0.09027777777777778 
1 0.7291666666666666 0.75 0.09027777777777778 0.09027777777777778 
38 0.9444444444444444 0.5277777777777778 0.09027777777777778 0.09027777777777778 
59 0.2222222222222222 0.5520833333333334 0.09027777777777778 0.09027777777777778 
32 0.84375 0.04513888888888889 0.09027777777777778 0.09027777777777778 
151 0.8854166666666666 0.5798611111111112 0.09027777777777778 0.09027777777777778 
24 0.4409722222222222 0.6215277777777778 0.09027777777777778 0.09027777777777778 
