1 0.9027777777777778 0.11458333333333333 0.09027777777777778 0.09027777777777778 
73 0.3090277777777778 0.7013888888888888 0.09027777777777778 0.09027777777777778 
3 0.15625 0.5590277777777778 0.09027777777777778 0.09027777777777778 
118 0.5694444444444444 0.8506944444444444 0.09027777777777778 0.09027777777777778 
86 0.4375 0.3611111111111111 0.09027777777777778 0.09027777777777778 
69 0.625 0.3923611111111111 0.09027777777777778 0.09027777777777778 
117 0.1076388888888889 0.6458333333333334 0.09027777777777778 0.09027777777777778 
77 0.22916666666666666 0.1909722222222222 0.09027777777777778 0.09027777777777778 
87 0.3958333333333333 0.5659722222222222 0.09027777777777778 0.09027777777777778 
115 0.5590277777777778 0.2013888888888889 0.09027777777777778 0.09027777777777778 
