93 0.9166666666666666 0.2951388888888889 0.09027777777777778 0.09027777777777778 
155 0.34375 0.7569444444444444 0.09027777777777778 0.09027777777777778 
13 0.14583333333333334 0.3715277777777778 0.09027777777777778 0.09027777777777778 
134 0.7222222222222222 0.5694444444444444 0.09027777777777778 0.09027777777777778 
34 0.16666666666666666 0.05555555555555555 0.09027777777777778 0.09027777777777778 
143 0.2638888888888889 0.5 0.09027777777777778 0.09027777777777778 
62 0.6319444444444444 0.2986111111111111 0.09027777777777778 0.09027777777777778 
9 0.7986111111111112 0.8680555555555556 0.09027777777777778 0.09027777777777778 
140 0.875 0.9409722222222222 0.09027777777777778 0.09027777777777778 
19 0.7708333333333334 0.1284722222222222 0.09027777777777778 0.09027777777777778 
