71 0.19444444444444445 0.2986111111111111 0.09027777777777778 0.09027777777777778 
138 0.6979166666666666 0.8715277777777778 0.09027777777777778 0.09027777777777778 
152 0.2743055555555556 0.2569444444444444 0.09027777777777778 0.09027777777777778 
135 0.6736111111111112 0.1597222222222222 0.09027777777777778 0.09027777777777778 
8 0.9444444444444444 0.7291666666666666 0.09027777777777778 0.09027777777777778 
156 0.8854166666666666 0.5416666666666666 0.09027777777777778 0.09027777777777778 
29 0.65625 0.7916666666666666 0.09027777777777778 0.09027777777777778 
36 0.2013888888888889 0.8715277777777778 0.09027777777777778 0.09027777777777778 
117 0.1284722222222222 0.9513888888888888 0.09027777777777778 0.09027777777777778 
117 0.53125 0.21180555555555555 0.09027777777777778 0.09027777777777778 
