92 0.6527777777777778 0.07291666666666667 0.09027777777777778 0.09027777777777778 
54 0.5555555555555556 0.7708333333333334 0.09027777777777778 0.09027777777777778 
87 0.5868055555555556 0.24305555555555555 0.09027777777777778 0.09027777777777778 
144 0.4791666666666667 0.7430555555555556 0.09027777777777778 0.09027777777777778 
93 0.4583333333333333 0.8854166666666666 0.09027777777777778 0.09027777777777778 
88 0.1388888888888889 0.04513888888888889 0.09027777777777778 0.09027777777777778 
75 0.4479166666666667 0.5 0.09027777777777778 0.09027777777777778 
152 0.4722222222222222 0.8854166666666666 0.09027777777777778 0.09027777777777778 
84 0.1840277777777778 0.34375 0.09027777777777778 0.09027777777777778 
59 0.08333333333333333 0.16319444444444445 0.09027777777777778 0.09027777777777778 
