52 0.3263888888888889 0.7986111111111112 0.09027777777777778 0.09027777777777778 
77 0.3993055555555556 0.8090277777777778 0.09027777777777778 0.09027777777777778 
65 0.7222222222222222 0.6354166666666666 0.09027777777777778 0.09027777777777778 
11 0.2152777777777778 0.6215277777777778 0.09027777777777778 0.09027777777777778 
77 0.3923611111111111 0.5 0.09027777777777778 0.09027777777777778 
150 0.8263888888888888 0.6875 0.09027777777777778 0.09027777777777778 
89 0.6388888888888888 0.7847222222222222 0.09027777777777778 0.09027777777777778 
23 0.6215277777777778 0.1423611111111111 0.09027777777777778 0.09027777777777778 
106 0.1111111111111111 0.5694444444444444 0.09027777777777778 0.09027777777777778 
84 0.9340277777777778 0.07291666666666667 0.09027777777777778 0.09027777777777778 
