12 0.0625 0.3819444444444444 0.09027777777777778 0.09027777777777778 
81 0.09375 0.5173611111111112 0.09027777777777778 0.09027777777777778 
155 0.6319444444444444 0.6631944444444444 0.09027777777777778 0.09027777777777778 
5 0.8645833333333334 0.7152777777777778 0.09027777777777778 0.09027777777777778 
99 0.8090277777777778 0.4826388888888889 0.09027777777777778 0.09027777777777778 
53 0.6875 0.4652777777777778 0.09027777777777778 0.09027777777777778 
68 0.17708333333333334 0.6458333333333334 0.09027777777777778 0.09027777777777778 
14 0.15625 0.5173611111111112 0.09027777777777778 0.09027777777777778 
145 0.5694444444444444 0.12152777777777778 0.09027777777777778 0.09027777777777778 
101 0.3645833333333333 0.7361111111111112 0.09027777777777778 0.09027777777777778 
