12 0.6458333333333334 0.4375 0.09027777777777778 0.09027777777777778 
92 0.1111111111111111 0.6944444444444444 0.09027777777777778 0.09027777777777778 
71 0.8715277777777778 0.6284722222222222 0.09027777777777778 0.09027777777777778 
43 0.4618055555555556 0.04861111111111111 0.09027777777777778 0.09027777777777778 
15 0.1284722222222222 0.90625 0.09027777777777778 0.09027777777777778 
125 0.4861111111111111 0.4444444444444444 0.09027777777777778 0.09027777777777778 
103 0.2881944444444444 0.21180555555555555 0.09027777777777778 0.09027777777777778 
82 0.625 0.7673611111111112 0.09027777777777778 0.09027777777777778 
101 0.4583333333333333 0.625 0.09027777777777778 0.09027777777777778 
101 0.4479166666666667 0.7986111111111112 0.09027777777777778 0.09027777777777778 
