61 0.5486111111111112 0.5138888888888888 0.09027777777777778 0.09027777777777778 
119 0.5868055555555556 0.7395833333333334 0.09027777777777778 0.09027777777777778 
124 0.7256944444444444 0.3784722222222222 0.09027777777777778 0.09027777777777778 
37 0.4513888888888889 0.2638888888888889 0.09027777777777778 0.09027777777777778 
2 0.4583333333333333 0.21875 0.09027777777777778 0.09027777777777778 
46 0.8680555555555556 0.06597222222222222 0.09027777777777778 0.09027777777777778 
55 0.8263888888888888 0.4930555555555556 0.09027777777777778 0.09027777777777778 
8 0.2152777777777778 0.6180555555555556 0.09027777777777778 0.09027777777777778 
80 0.4652777777777778 0.2013888888888889 0.09027777777777778 0.09027777777777778 
83 0.4756944444444444 0.5034722222222222 0.09027777777777778 0.09027777777777778 
