9 0.10069444444444445 0.14930555555555555 0.09027777777777778 0.09027777777777778 
77 0.3402777777777778 0.6423611111111112 0.09027777777777778 0.09027777777777778 
115 0.2743055555555556 0.21875 0.09027777777777778 0.09027777777777778 
8 0.10069444444444445 0.3368055555555556 0.09027777777777778 0.09027777777777778 
51 0.8194444444444444 0.6458333333333334 0.09027777777777778 0.09027777777777778 
2 0.2986111111111111 0.5659722222222222 0.09027777777777778 0.09027777777777778 
92 0.46875 0.7534722222222222 0.09027777777777778 0.09027777777777778 
140 0.9409722222222222 0.8229166666666666 0.09027777777777778 0.09027777777777778 
67 0.9027777777777778 0.7465277777777778 0.09027777777777778 0.09027777777777778 
70 0.2847222222222222 0.16319444444444445 0.09027777777777778 0.09027777777777778 
