31 0.875 0.16666666666666666 0.09027777777777778 0.09027777777777778 
88 0.7256944444444444 0.3402777777777778 0.09027777777777778 0.09027777777777778 
49 0.3645833333333333 0.19444444444444445 0.09027777777777778 0.09027777777777778 
116 0.8263888888888888 0.5520833333333334 0.09027777777777778 0.09027777777777778 
129 0.1527777777777778 0.9270833333333334 0.09027777777777778 0.09027777777777778 
128 0.2638888888888889 0.23958333333333334 0.09027777777777778 0.09027777777777778 
115 0.84375 0.2326388888888889 0.09027777777777778 0.09027777777777778 
70 0.2048611111111111 0.6701388888888888 0.09027777777777778 0.09027777777777778 
63 0.625 0.2777777777777778 0.09027777777777778 0.09027777777777778 
54 0.5972222222222222 0.7881944444444444 0.09027777777777778 0.09027777777777778 
