147 0.2361111111111111 0.84375 0.09027777777777778 0.09027777777777778 
112 0.1076388888888889 0.5451388888888888 0.09027777777777778 0.09027777777777778 
133 0.25 0.2951388888888889 0.09027777777777778 0.09027777777777778 
98 0.2986111111111111 0.8888888888888888 0.09027777777777778 0.09027777777777778 
34 0.09722222222222222 0.18055555555555555 0.09027777777777778 0.09027777777777778 
62 0.1701388888888889 0.7256944444444444 0.09027777777777778 0.09027777777777778 
112 0.3819444444444444 0.6319444444444444 0.09027777777777778 0.09027777777777778 
35 0.3020833333333333 0.22916666666666666 0.09027777777777778 0.09027777777777778 
119 0.7847222222222222 0.2222222222222222 0.09027777777777778 0.09027777777777778 
155 0.6458333333333334 0.34375 0.09027777777777778 0.09027777777777778 
