45 0.7847222222222222 0.2048611111111111 0.09027777777777778 0.09027777777777778 
119 0.5277777777777778 0.9131944444444444 0.09027777777777778 0.09027777777777778 
83 0.7881944444444444 0.2326388888888889 0.09027777777777778 0.09027777777777778 
57 0.78125 0.15625 0.09027777777777778 0.09027777777777778 
18 0.2951388888888889 0.4826388888888889 0.09027777777777778 0.09027777777777778 
94 0.5173611111111112 0.2152777777777778 0.09027777777777778 0.09027777777777778 
29 0.4652777777777778 0.2604166666666667 0.09027777777777778 0.09027777777777778 
85 0.3541666666666667 0.19444444444444445 0.09027777777777778 0.09027777777777778 
105 0.9270833333333334 0.5763888888888888 0.09027777777777778 0.09027777777777778 
64 0.8923611111111112 0.4513888888888889 0.09027777777777778 0.09027777777777778 
