111 0.3263888888888889 0.3923611111111111 0.09027777777777778 0.09027777777777778 
104 0.6354166666666666 0.13541666666666666 0.09027777777777778 0.09027777777777778 
143 0.4340277777777778 0.15625 0.09027777777777778 0.09027777777777778 
141 0.7152777777777778 0.3472222222222222 0.09027777777777778 0.09027777777777778 
124 0.3368055555555556 0.6701388888888888 0.09027777777777778 0.09027777777777778 
112 0.4375 0.13541666666666666 0.09027777777777778 0.09027777777777778 
143 0.6875 0.6284722222222222 0.09027777777777778 0.09027777777777778 
22 0.5833333333333334 0.3576388888888889 0.09027777777777778 0.09027777777777778 
54 0.5659722222222222 0.5659722222222222 0.09027777777777778 0.09027777777777778 
54 0.5902777777777778 0.8958333333333334 0.09027777777777778 0.09027777777777778 
