103 0.7326388888888888 0.3125 0.09027777777777778 0.09027777777777778 
147 0.6006944444444444 0.34375 0.09027777777777778 0.09027777777777778 
103 0.75 0.8923611111111112 0.09027777777777778 0.09027777777777778 
109 0.2604166666666667 0.1111111111111111 0.09027777777777778 0.09027777777777778 
75 0.5729166666666666 0.2916666666666667 0.09027777777777778 0.09027777777777778 
93 0.3923611111111111 0.9097222222222222 0.09027777777777778 0.09027777777777778 
151 0.8368055555555556 0.28125 0.09027777777777778 0.09027777777777778 
103 0.9548611111111112 0.8854166666666666 0.09027777777777778 0.09027777777777778 
141 0.6527777777777778 0.5833333333333334 0.09027777777777778 0.09027777777777778 
47 0.4652777777777778 0.5138888888888888 0.09027777777777778 0.09027777777777778 
