81 0.5243055555555556 0.4930555555555556 0.09027777777777778 0.09027777777777778 
126 0.2465277777777778 0.9236111111111112 0.09027777777777778 0.09027777777777778 
41 0.7534722222222222 0.6770833333333334 0.09027777777777778 0.09027777777777778 
139 0.5833333333333334 0.1701388888888889 0.09027777777777778 0.09027777777777778 
140 0.4756944444444444 0.25 0.09027777777777778 0.09027777777777778 
157 0.8020833333333334 0.6215277777777778 0.09027777777777778 0.09027777777777778 
35 0.3055555555555556 0.6284722222222222 0.09027777777777778 0.09027777777777778 
75 0.1909722222222222 0.6701388888888888 0.09027777777777778 0.09027777777777778 
142 0.4409722222222222 0.4826388888888889 0.09027777777777778 0.09027777777777778 
130 0.08680555555555555 0.5451388888888888 0.09027777777777778 0.09027777777777778 
