21 0.125 0.7291666666666666 0.09027777777777778 0.09027777777777778 
87 0.5416666666666666 0.6180555555555556 0.09027777777777778 0.09027777777777778 
79 0.04861111111111111 0.4097222222222222 0.09027777777777778 0.09027777777777778 
47 0.24305555555555555 0.3263888888888889 0.09027777777777778 0.09027777777777778 
23 0.8472222222222222 0.8541666666666666 0.09027777777777778 0.09027777777777778 
48 0.11458333333333333 0.65625 0.09027777777777778 0.09027777777777778 
33 0.9479166666666666 0.7534722222222222 0.09027777777777778 0.09027777777777778 
132 0.8784722222222222 0.875 0.09027777777777778 0.09027777777777778 
114 0.9166666666666666 0.5833333333333334 0.09027777777777778 0.09027777777777778 
23 0.4305555555555556 0.8194444444444444 0.09027777777777778 0.09027777777777778 
