79 0.12152777777777778 0.8125 0.09027777777777778 0.09027777777777778 
12 0.71875 0.7916666666666666 0.09027777777777778 0.09027777777777778 
135 0.4340277777777778 0.059027777777777776 0.09027777777777778 0.09027777777777778 
118 0.8506944444444444 0.8715277777777778 0.09027777777777778 0.09027777777777778 
8 0.4861111111111111 0.7916666666666666 0.09027777777777778 0.09027777777777778 
13 0.6527777777777778 0.3159722222222222 0.09027777777777778 0.09027777777777778 
80 0.3125 0.7465277777777778 0.09027777777777778 0.09027777777777778 
149 0.5416666666666666 0.25 0.09027777777777778 0.09027777777777778 
149 0.14930555555555555 0.9444444444444444 0.09027777777777778 0.09027777777777778 
8 0.05555555555555555 0.09722222222222222 0.09027777777777778 0.09027777777777778 
