69 0.4201388888888889 0.052083333333333336 0.09027777777777778 0.09027777777777778 
28 0.09722222222222222 0.1597222222222222 0.09027777777777778 0.09027777777777778 
98 0.7118055555555556 0.5277777777777778 0.09027777777777778 0.09027777777777778 
106 0.18055555555555555 0.8020833333333334 0.09027777777777778 0.09027777777777778 
55 0.2013888888888889 0.3125 0.09027777777777778 0.09027777777777778 
148 0.7291666666666666 0.6041666666666666 0.09027777777777778 0.09027777777777778 
15 0.125 0.8680555555555556 0.09027777777777778 0.09027777777777778 
110 0.2604166666666667 0.375 0.09027777777777778 0.09027777777777778 
135 0.4097222222222222 0.1388888888888889 0.09027777777777778 0.09027777777777778 
57 0.9027777777777778 0.4305555555555556 0.09027777777777778 0.09027777777777778 
