10 0.6909722222222222 0.4444444444444444 0.09027777777777778 0.09027777777777778 
68 0.6111111111111112 0.7673611111111112 0.09027777777777778 0.09027777777777778 
28 0.4270833333333333 0.9236111111111112 0.09027777777777778 0.09027777777777778 
115 0.4652777777777778 0.7465277777777778 0.09027777777777778 0.09027777777777778 
110 0.17708333333333334 0.1597222222222222 0.09027777777777778 0.09027777777777778 
72 0.4340277777777778 0.4479166666666667 0.09027777777777778 0.09027777777777778 
73 0.4756944444444444 0.8472222222222222 0.09027777777777778 0.09027777777777778 
40 0.6701388888888888 0.875 0.09027777777777778 0.09027777777777778 
69 0.14930555555555555 0.8020833333333334 0.09027777777777778 0.09027777777777778 
21 0.7638888888888888 0.14930555555555555 0.09027777777777778 0.09027777777777778 
