105 0.4791666666666667 0.15625 0.09027777777777778 0.09027777777777778 
14 0.28125 0.46875 0.09027777777777778 0.09027777777777778 
115 0.5486111111111112 0.75 0.09027777777777778 0.09027777777777778 
12 0.4097222222222222 0.7569444444444444 0.09027777777777778 0.09027777777777778 
130 0.4756944444444444 0.04861111111111111 0.09027777777777778 0.09027777777777778 
148 0.3715277777777778 0.3472222222222222 0.09027777777777778 0.09027777777777778 
82 0.7569444444444444 0.5277777777777778 0.09027777777777778 0.09027777777777778 
114 0.9305555555555556 0.5208333333333334 0.09027777777777778 0.09027777777777778 
32 0.19791666666666666 0.2604166666666667 0.09027777777777778 0.09027777777777778 
8 0.7222222222222222 0.9236111111111112 0.09027777777777778 0.09027777777777778 
