108 0.1284722222222222 0.4375 0.09027777777777778 0.09027777777777778 
83 0.9479166666666666 0.4826388888888889 0.09027777777777778 0.09027777777777778 
44 0.6493055555555556 0.9201388888888888 0.09027777777777778 0.09027777777777778 
57 0.10416666666666667 0.1701388888888889 0.09027777777777778 0.09027777777777778 
106 0.8819444444444444 0.1388888888888889 0.09027777777777778 0.09027777777777778 
144 0.6041666666666666 0.6493055555555556 0.09027777777777778 0.09027777777777778 
90 0.8680555555555556 0.5520833333333334 0.09027777777777778 0.09027777777777778 
8 0.6631944444444444 0.6527777777777778 0.09027777777777778 0.09027777777777778 
6 0.6458333333333334 0.2881944444444444 0.09027777777777778 0.09027777777777778 
4 0.6458333333333334 0.23958333333333334 0.09027777777777778 0.09027777777777778 
