20 0.8541666666666666 0.6388888888888888 0.09027777777777778 0.09027777777777778 
141 0.6006944444444444 0.5451388888888888 0.09027777777777778 0.09027777777777778 
157 0.4305555555555556 0.3854166666666667 0.09027777777777778 0.09027777777777778 
31 0.8888888888888888 0.22569444444444445 0.09027777777777778 0.09027777777777778 
123 0.78125 0.6527777777777778 0.09027777777777778 0.09027777777777778 
46 0.2881944444444444 0.0798611111111111 0.09027777777777778 0.09027777777777778 
155 0.9270833333333334 0.5381944444444444 0.09027777777777778 0.09027777777777778 
19 0.9027777777777778 0.3854166666666667 0.09027777777777778 0.09027777777777778 
75 0.5416666666666666 0.5243055555555556 0.09027777777777778 0.09027777777777778 
152 0.1597222222222222 0.4652777777777778 0.09027777777777778 0.09027777777777778 
