129 0.8715277777777778 0.8958333333333334 0.09027777777777778 0.09027777777777778 
69 0.05555555555555555 0.71875 0.09027777777777778 0.09027777777777778 
133 0.4131944444444444 0.8541666666666666 0.09027777777777778 0.09027777777777778 
48 0.5243055555555556 0.7430555555555556 0.09027777777777778 0.09027777777777778 
92 0.5868055555555556 0.4548611111111111 0.09027777777777778 0.09027777777777778 
138 0.0625 0.10416666666666667 0.09027777777777778 0.09027777777777778 
48 0.4270833333333333 0.65625 0.09027777777777778 0.09027777777777778 
140 0.8541666666666666 0.5104166666666666 0.09027777777777778 0.09027777777777778 
54 0.0798611111111111 0.10069444444444445 0.09027777777777778 0.09027777777777778 
111 0.16666666666666666 0.5659722222222222 0.09027777777777778 0.09027777777777778 
