108 0.0763888888888889 0.4826388888888889 0.09027777777777778 0.09027777777777778 
36 0.2569444444444444 0.9305555555555556 0.09027777777777778 0.09027777777777778 
24 0.6631944444444444 0.8611111111111112 0.09027777777777778 0.09027777777777778 
17 0.3819444444444444 0.8645833333333334 0.09027777777777778 0.09027777777777778 
52 0.3680555555555556 0.5069444444444444 0.09027777777777778 0.09027777777777778 
157 0.8993055555555556 0.125 0.09027777777777778 0.09027777777777778 
56 0.2326388888888889 0.5625 0.09027777777777778 0.09027777777777778 
147 0.1076388888888889 0.6527777777777778 0.09027777777777778 0.09027777777777778 
45 0.5694444444444444 0.6770833333333334 0.09027777777777778 0.09027777777777778 
126 0.25 0.5277777777777778 0.09027777777777778 0.09027777777777778 
