154 0.16319444444444445 0.3333333333333333 0.09027777777777778 0.09027777777777778 
34 0.04861111111111111 0.3715277777777778 0.09027777777777778 0.09027777777777778 
109 0.5868055555555556 0.6458333333333334 0.09027777777777778 0.09027777777777778 
50 0.4340277777777778 0.5277777777777778 0.09027777777777778 0.09027777777777778 
142 0.04513888888888889 0.5347222222222222 0.09027777777777778 0.09027777777777778 
23 0.3298611111111111 0.3923611111111111 0.09027777777777778 0.09027777777777778 
40 0.4618055555555556 0.7777777777777778 0.09027777777777778 0.09027777777777778 
100 0.5 0.6458333333333334 0.09027777777777778 0.09027777777777778 
14 0.28125 0.7708333333333334 0.09027777777777778 0.09027777777777778 
27 0.8923611111111112 0.3055555555555556 0.09027777777777778 0.09027777777777778 
