106 0.8506944444444444 0.3020833333333333 0.09027777777777778 0.09027777777777778 
112 0.40625 0.3472222222222222 0.09027777777777778 0.09027777777777778 
7 0.5 0.09375 0.09027777777777778 0.09027777777777778 
57 0.3125 0.8819444444444444 0.09027777777777778 0.09027777777777778 
30 0.5659722222222222 0.2048611111111111 0.09027777777777778 0.09027777777777778 
108 0.8159722222222222 0.052083333333333336 0.09027777777777778 0.09027777777777778 
152 0.6527777777777778 0.4097222222222222 0.09027777777777778 0.09027777777777778 
154 0.4340277777777778 0.5104166666666666 0.09027777777777778 0.09027777777777778 
130 0.2916666666666667 0.8611111111111112 0.09027777777777778 0.09027777777777778 
124 0.3958333333333333 0.5555555555555556 0.09027777777777778 0.09027777777777778 
