153 0.1076388888888889 0.7777777777777778 0.09027777777777778 0.09027777777777778 
127 0.3159722222222222 0.4652777777777778 0.09027777777777778 0.09027777777777778 
88 0.6805555555555556 0.3506944444444444 0.09027777777777778 0.09027777777777778 
31 0.9236111111111112 0.6631944444444444 0.09027777777777778 0.09027777777777778 
77 0.4479166666666667 0.3576388888888889 0.09027777777777778 0.09027777777777778 
44 0.59375 0.5659722222222222 0.09027777777777778 0.09027777777777778 
153 0.2222222222222222 0.16319444444444445 0.09027777777777778 0.09027777777777778 
64 0.4618055555555556 0.6770833333333334 0.09027777777777778 0.09027777777777778 
96 0.9097222222222222 0.53125 0.09027777777777778 0.09027777777777778 
19 0.6805555555555556 0.3819444444444444 0.09027777777777778 0.09027777777777778 
