40 0.4548611111111111 0.6979166666666666 0.09027777777777778 0.09027777777777778 
84 0.6145833333333334 0.2048611111111111 0.09027777777777778 0.09027777777777778 
94 0.08680555555555555 0.7465277777777778 0.09027777777777778 0.09027777777777778 
130 0.4513888888888889 0.34375 0.09027777777777778 0.09027777777777778 
119 0.8784722222222222 0.7361111111111112 0.09027777777777778 0.09027777777777778 
41 0.25 0.4826388888888889 0.09027777777777778 0.09027777777777778 
156 0.09027777777777778 0.17708333333333334 0.09027777777777778 0.09027777777777778 
59 0.9444444444444444 0.5590277777777778 0.09027777777777778 0.09027777777777778 
102 0.3159722222222222 0.3958333333333333 0.09027777777777778 0.09027777777777778 
0 0.3645833333333333 0.6840277777777778 0.09027777777777778 0.09027777777777778 
