13 0.4201388888888889 0.4861111111111111 0.09027777777777778 0.09027777777777778 
77 0.13541666666666666 0.9131944444444444 0.09027777777777778 0.09027777777777778 
43 0.9409722222222222 0.3055555555555556 0.09027777777777778 0.09027777777777778 
143 0.09027777777777778 0.8680555555555556 0.09027777777777778 0.09027777777777778 
106 0.7222222222222222 0.3888888888888889 0.09027777777777778 0.09027777777777778 
92 0.04513888888888889 0.5555555555555556 0.09027777777777778 0.09027777777777778 
28 0.9409722222222222 0.3923611111111111 0.09027777777777778 0.09027777777777778 
90 0.3020833333333333 0.3055555555555556 0.09027777777777778 0.09027777777777778 
7 0.7743055555555556 0.2152777777777778 0.09027777777777778 0.09027777777777778 
144 0.5173611111111112 0.05555555555555555 0.09027777777777778 0.09027777777777778 
