145 0.4722222222222222 0.08680555555555555 0.09027777777777778 0.09027777777777778 
70 0.1527777777777778 0.6180555555555556 0.09027777777777778 0.09027777777777778 
88 0.40625 0.8819444444444444 0.09027777777777778 0.09027777777777778 
5 0.3402777777777778 0.8611111111111112 0.09027777777777778 0.09027777777777778 
79 0.8611111111111112 0.6875 0.09027777777777778 0.09027777777777778 
41 0.1840277777777778 0.5347222222222222 0.09027777777777778 0.09027777777777778 
105 0.5243055555555556 0.10069444444444445 0.09027777777777778 0.09027777777777778 
67 0.625 0.3055555555555556 0.09027777777777778 0.09027777777777778 
99 0.1423611111111111 0.3368055555555556 0.09027777777777778 0.09027777777777778 
153 0.6388888888888888 0.09375 0.09027777777777778 0.09027777777777778 
