123 0.7534722222222222 0.1388888888888889 0.09027777777777778 0.09027777777777778 
75 0.1875 0.6354166666666666 0.09027777777777778 0.09027777777777778 
19 0.6701388888888888 0.4236111111111111 0.09027777777777778 0.09027777777777778 
54 0.6354166666666666 0.07291666666666667 0.09027777777777778 0.09027777777777778 
101 0.5868055555555556 0.6458333333333334 0.09027777777777778 0.09027777777777778 
43 0.4895833333333333 0.6840277777777778 0.09027777777777778 0.09027777777777778 
87 0.20833333333333334 0.6354166666666666 0.09027777777777778 0.09027777777777778 
18 0.4965277777777778 0.1423611111111111 0.09027777777777778 0.09027777777777778 
48 0.5729166666666666 0.1597222222222222 0.09027777777777778 0.09027777777777778 
110 0.4930555555555556 0.7673611111111112 0.09027777777777778 0.09027777777777778 
