68 0.9444444444444444 0.5625 0.09027777777777778 0.09027777777777778 
12 0.8888888888888888 0.28125 0.09027777777777778 0.09027777777777778 
120 0.1076388888888889 0.9236111111111112 0.09027777777777778 0.09027777777777778 
22 0.9027777777777778 0.18055555555555555 0.09027777777777778 0.09027777777777778 
95 0.6493055555555556 0.6354166666666666 0.09027777777777778 0.09027777777777778 
59 0.9548611111111112 0.1909722222222222 0.09027777777777778 0.09027777777777778 
52 0.5659722222222222 0.5486111111111112 0.09027777777777778 0.09027777777777778 
58 0.1736111111111111 0.6701388888888888 0.09027777777777778 0.09027777777777778 
40 0.2326388888888889 0.7743055555555556 0.09027777777777778 0.09027777777777778 
90 0.9409722222222222 0.9444444444444444 0.09027777777777778 0.09027777777777778 
