91 0.5243055555555556 0.3020833333333333 0.09027777777777778 0.09027777777777778 
73 0.1875 0.5625 0.09027777777777778 0.09027777777777778 
103 0.09027777777777778 0.0798611111111111 0.09027777777777778 0.09027777777777778 
58 0.5277777777777778 0.3090277777777778 0.09027777777777778 0.09027777777777778 
20 0.1875 0.8541666666666666 0.09027777777777778 0.09027777777777778 
115 0.7951388888888888 0.5555555555555556 0.09027777777777778 0.09027777777777778 
65 0.8472222222222222 0.2326388888888889 0.09027777777777778 0.09027777777777778 
118 0.14930555555555555 0.7083333333333334 0.09027777777777778 0.09027777777777778 
122 0.3923611111111111 0.6979166666666666 0.09027777777777778 0.09027777777777778 
26 0.8854166666666666 0.7708333333333334 0.09027777777777778 0.09027777777777778 
