62 0.19791666666666666 0.7395833333333334 0.09027777777777778 0.09027777777777778 
67 0.23958333333333334 0.9097222222222222 0.09027777777777778 0.09027777777777778 
36 0.7604166666666666 0.14930555555555555 0.09027777777777778 0.09027777777777778 
98 0.6111111111111112 0.6979166666666666 0.09027777777777778 0.09027777777777778 
100 0.3229166666666667 0.7465277777777778 0.09027777777777778 0.09027777777777778 
127 0.09027777777777778 0.875 0.09027777777777778 0.09027777777777778 
144 0.7881944444444444 0.1701388888888889 0.09027777777777778 0.09027777777777778 
75 0.4305555555555556 0.2743055555555556 0.09027777777777778 0.09027777777777778 
70 0.5833333333333334 0.4652777777777778 0.09027777777777778 0.09027777777777778 
75 0.7604166666666666 0.05555555555555555 0.09027777777777778 0.09027777777777778 
