24 0.21875 0.4444444444444444 0.09027777777777778 0.09027777777777778 
89 0.1076388888888889 0.78125 0.09027777777777778 0.09027777777777778 
5 0.3819444444444444 0.2326388888888889 0.09027777777777778 0.09027777777777778 
118 0.05555555555555555 0.7395833333333334 0.09027777777777778 0.09027777777777778 
68 0.22916666666666666 0.3263888888888889 0.09027777777777778 0.09027777777777778 
1 0.7465277777777778 0.22569444444444445 0.09027777777777778 0.09027777777777778 
70 0.3159722222222222 0.5 0.09027777777777778 0.09027777777777778 
135 0.13541666666666666 0.75 0.09027777777777778 0.09027777777777778 
104 0.9479166666666666 0.4097222222222222 0.09027777777777778 0.09027777777777778 
108 0.5902777777777778 0.1076388888888889 0.09027777777777778 0.09027777777777778 
