72 0.21180555555555555 0.5972222222222222 0.09027777777777778 0.09027777777777778 
139 0.4444444444444444 0.5208333333333334 0.09027777777777778 0.09027777777777778 
48 0.16666666666666666 0.8923611111111112 0.09027777777777778 0.09027777777777778 
16 0.8229166666666666 0.5868055555555556 0.09027777777777778 0.09027777777777778 
113 0.5798611111111112 0.11458333333333333 0.09027777777777778 0.09027777777777778 
147 0.9375 0.3090277777777778 0.09027777777777778 0.09027777777777778 
10 0.1423611111111111 0.8263888888888888 0.09027777777777778 0.09027777777777778 
106 0.6319444444444444 0.14583333333333334 0.09027777777777778 0.09027777777777778 
62 0.6388888888888888 0.4166666666666667 0.09027777777777778 0.09027777777777778 
140 0.5486111111111112 0.6006944444444444 0.09027777777777778 0.09027777777777778 
