9 0.21875 0.059027777777777776 0.09027777777777778 0.09027777777777778 
133 0.2326388888888889 0.2152777777777778 0.09027777777777778 0.09027777777777778 
110 0.5173611111111112 0.7118055555555556 0.09027777777777778 0.09027777777777778 
50 0.4201388888888889 0.5 0.09027777777777778 0.09027777777777778 
153 0.9375 0.59375 0.09027777777777778 0.09027777777777778 
90 0.2777777777777778 0.8506944444444444 0.09027777777777778 0.09027777777777778 
66 0.2743055555555556 0.22569444444444445 0.09027777777777778 0.09027777777777778 
21 0.7638888888888888 0.8958333333333334 0.09027777777777778 0.09027777777777778 
85 0.12152777777777778 0.15625 0.09027777777777778 0.09027777777777778 
66 0.10416666666666667 0.2361111111111111 0.09027777777777778 0.09027777777777778 
