98 0.5972222222222222 0.7777777777777778 0.09027777777777778 0.09027777777777778 
78 0.6458333333333334 0.8993055555555556 0.09027777777777778 0.09027777777777778 
143 0.8541666666666666 0.23958333333333334 0.09027777777777778 0.09027777777777778 
19 0.11805555555555555 0.5590277777777778 0.09027777777777778 0.09027777777777778 
36 0.8333333333333334 0.4166666666666667 0.09027777777777778 0.09027777777777778 
10 0.6666666666666666 0.4826388888888889 0.09027777777777778 0.09027777777777778 
143 0.7083333333333334 0.7708333333333334 0.09027777777777778 0.09027777777777778 
40 0.3402777777777778 0.875 0.09027777777777778 0.09027777777777778 
88 0.7847222222222222 0.2986111111111111 0.09027777777777778 0.09027777777777778 
125 0.6180555555555556 0.2951388888888889 0.09027777777777778 0.09027777777777778 
