98 0.09722222222222222 0.9201388888888888 0.09027777777777778 0.09027777777777778 
121 0.1076388888888889 0.8402777777777778 0.09027777777777778 0.09027777777777778 
107 0.5 0.8888888888888888 0.09027777777777778 0.09027777777777778 
106 0.5451388888888888 0.5243055555555556 0.09027777777777778 0.09027777777777778 
150 0.6979166666666666 0.2847222222222222 0.09027777777777778 0.09027777777777778 
86 0.1076388888888889 0.4270833333333333 0.09027777777777778 0.09027777777777778 
4 0.5381944444444444 0.5729166666666666 0.09027777777777778 0.09027777777777778 
98 0.6770833333333334 0.5763888888888888 0.09027777777777778 0.09027777777777778 
125 0.7881944444444444 0.4097222222222222 0.09027777777777778 0.09027777777777778 
37 0.4305555555555556 0.7083333333333334 0.09027777777777778 0.09027777777777778 
