89 0.8020833333333334 0.2222222222222222 0.09027777777777778 0.09027777777777778 
13 0.5104166666666666 0.6875 0.09027777777777778 0.09027777777777778 
35 0.7534722222222222 0.08680555555555555 0.09027777777777778 0.09027777777777778 
24 0.3506944444444444 0.6875 0.09027777777777778 0.09027777777777778 
114 0.1423611111111111 0.6458333333333334 0.09027777777777778 0.09027777777777778 
13 0.1597222222222222 0.6701388888888888 0.09027777777777778 0.09027777777777778 
92 0.11805555555555555 0.5659722222222222 0.09027777777777778 0.09027777777777778 
142 0.6909722222222222 0.4895833333333333 0.09027777777777778 0.09027777777777778 
92 0.3680555555555556 0.40625 0.09027777777777778 0.09027777777777778 
49 0.06597222222222222 0.4548611111111111 0.09027777777777778 0.09027777777777778 
