110 0.6631944444444444 0.5972222222222222 0.09027777777777778 0.09027777777777778 
1 0.2465277777777778 0.7777777777777778 0.09027777777777778 0.09027777777777778 
109 0.9131944444444444 0.3125 0.09027777777777778 0.09027777777777778 
112 0.09375 0.8541666666666666 0.09027777777777778 0.09027777777777778 
65 0.5347222222222222 0.07291666666666667 0.09027777777777778 0.09027777777777778 
115 0.59375 0.10416666666666667 0.09027777777777778 0.09027777777777778 
53 0.8854166666666666 0.1527777777777778 0.09027777777777778 0.09027777777777778 
131 0.2152777777777778 0.6041666666666666 0.09027777777777778 0.09027777777777778 
122 0.46875 0.3854166666666667 0.09027777777777778 0.09027777777777778 
58 0.5416666666666666 0.6006944444444444 0.09027777777777778 0.09027777777777778 
