94 0.08680555555555555 0.4722222222222222 0.09027777777777778 0.09027777777777778 
20 0.0625 0.28125 0.09027777777777778 0.09027777777777778 
8 0.4305555555555556 0.19444444444444445 0.09027777777777778 0.09027777777777778 
143 0.7673611111111112 0.7777777777777778 0.09027777777777778 0.09027777777777778 
107 0.7430555555555556 0.6527777777777778 0.09027777777777778 0.09027777777777778 
46 0.5659722222222222 0.04513888888888889 0.09027777777777778 0.09027777777777778 
67 0.8958333333333334 0.9166666666666666 0.09027777777777778 0.09027777777777778 
60 0.5868055555555556 0.8611111111111112 0.09027777777777778 0.09027777777777778 
43 0.13194444444444445 0.6805555555555556 0.09027777777777778 0.09027777777777778 
98 0.05555555555555555 0.2604166666666667 0.09027777777777778 0.09027777777777778 
