93 0.1284722222222222 0.6875 0.09027777777777778 0.09027777777777778 
102 0.20833333333333334 0.2013888888888889 0.09027777777777778 0.09027777777777778 
69 0.5069444444444444 0.16666666666666666 0.09027777777777778 0.09027777777777778 
94 0.2569444444444444 0.11458333333333333 0.09027777777777778 0.09027777777777778 
38 0.6423611111111112 0.2708333333333333 0.09027777777777778 0.09027777777777778 
155 0.05555555555555555 0.0798611111111111 0.09027777777777778 0.09027777777777778 
0 0.6215277777777778 0.6388888888888888 0.09027777777777778 0.09027777777777778 
130 0.5173611111111112 0.3472222222222222 0.09027777777777778 0.09027777777777778 
121 0.8576388888888888 0.4861111111111111 0.09027777777777778 0.09027777777777778 
87 0.19444444444444445 0.6006944444444444 0.09027777777777778 0.09027777777777778 
