55 0.3090277777777778 0.6666666666666666 0.09027777777777778 0.09027777777777778 
34 0.125 0.6145833333333334 0.09027777777777778 0.09027777777777778 
87 0.7777777777777778 0.7916666666666666 0.09027777777777778 0.09027777777777778 
144 0.10416666666666667 0.59375 0.09027777777777778 0.09027777777777778 
34 0.5833333333333334 0.3125 0.09027777777777778 0.09027777777777778 
92 0.3993055555555556 0.10416666666666667 0.09027777777777778 0.09027777777777778 
110 0.6736111111111112 0.5868055555555556 0.09027777777777778 0.09027777777777778 
7 0.53125 0.7708333333333334 0.09027777777777778 0.09027777777777778 
137 0.8611111111111112 0.3298611111111111 0.09027777777777778 0.09027777777777778 
34 0.6944444444444444 0.5 0.09027777777777778 0.09027777777777778 
