82 0.19791666666666666 0.1388888888888889 0.09027777777777778 0.09027777777777778 
66 0.8541666666666666 0.06944444444444445 0.09027777777777778 0.09027777777777778 
77 0.7222222222222222 0.13541666666666666 0.09027777777777778 0.09027777777777778 
72 0.1701388888888889 0.3576388888888889 0.09027777777777778 0.09027777777777778 
85 0.8020833333333334 0.5659722222222222 0.09027777777777778 0.09027777777777778 
98 0.4583333333333333 0.1840277777777778 0.09027777777777778 0.09027777777777778 
73 0.34375 0.4131944444444444 0.09027777777777778 0.09027777777777778 
96 0.3055555555555556 0.21875 0.09027777777777778 0.09027777777777778 
35 0.2673611111111111 0.23958333333333334 0.09027777777777778 0.09027777777777778 
40 0.3229166666666667 0.8472222222222222 0.09027777777777778 0.09027777777777778 
