95 0.11458333333333333 0.125 0.09027777777777778 0.09027777777777778 
147 0.2152777777777778 0.8923611111111112 0.09027777777777778 0.09027777777777778 
128 0.7222222222222222 0.5659722222222222 0.09027777777777778 0.09027777777777778 
25 0.6805555555555556 0.4409722222222222 0.09027777777777778 0.09027777777777778 
110 0.3784722222222222 0.28125 0.09027777777777778 0.09027777777777778 
43 0.3020833333333333 0.5590277777777778 0.09027777777777778 0.09027777777777778 
7 0.375 0.2326388888888889 0.09027777777777778 0.09027777777777778 
131 0.3993055555555556 0.5486111111111112 0.09027777777777778 0.09027777777777778 
157 0.9305555555555556 0.7152777777777778 0.09027777777777778 0.09027777777777778 
71 0.4201388888888889 0.34375 0.09027777777777778 0.09027777777777778 
