115 0.6597222222222222 0.875 0.09027777777777778 0.09027777777777778 
50 0.4652777777777778 0.09375 0.09027777777777778 0.09027777777777778 
53 0.5034722222222222 0.4930555555555556 0.09027777777777778 0.09027777777777778 
117 0.2152777777777778 0.4826388888888889 0.09027777777777778 0.09027777777777778 
50 0.75 0.3298611111111111 0.09027777777777778 0.09027777777777778 
2 0.6493055555555556 0.8402777777777778 0.09027777777777778 0.09027777777777778 
113 0.1284722222222222 0.4340277777777778 0.09027777777777778 0.09027777777777778 
14 0.0763888888888889 0.78125 0.09027777777777778 0.09027777777777778 
37 0.5277777777777778 0.7152777777777778 0.09027777777777778 0.09027777777777778 
107 0.6875 0.6805555555555556 0.09027777777777778 0.09027777777777778 
