49 0.6909722222222222 0.9236111111111112 0.09027777777777778 0.09027777777777778 
31 0.5972222222222222 0.2881944444444444 0.09027777777777778 0.09027777777777778 
0 0.17708333333333334 0.9201388888888888 0.09027777777777778 0.09027777777777778 
91 0.8402777777777778 0.4583333333333333 0.09027777777777778 0.09027777777777778 
98 0.3125 0.4201388888888889 0.09027777777777778 0.09027777777777778 
20 0.6701388888888888 0.78125 0.09027777777777778 0.09027777777777778 
18 0.4270833333333333 0.21180555555555555 0.09027777777777778 0.09027777777777778 
17 0.3055555555555556 0.5659722222222222 0.09027777777777778 0.09027777777777778 
43 0.6284722222222222 0.5972222222222222 0.09027777777777778 0.09027777777777778 
67 0.2048611111111111 0.2569444444444444 0.09027777777777778 0.09027777777777778 
