108 0.7604166666666666 0.8125 0.09027777777777778 0.09027777777777778 
128 0.5416666666666666 0.1597222222222222 0.09027777777777778 0.09027777777777778 
44 0.8958333333333334 0.7291666666666666 0.09027777777777778 0.09027777777777778 
101 0.7708333333333334 0.3888888888888889 0.09027777777777778 0.09027777777777778 
49 0.5520833333333334 0.6527777777777778 0.09027777777777778 0.09027777777777778 
43 0.4861111111111111 0.7881944444444444 0.09027777777777778 0.09027777777777778 
127 0.8784722222222222 0.2777777777777778 0.09027777777777778 0.09027777777777778 
48 0.1840277777777778 0.7569444444444444 0.09027777777777778 0.09027777777777778 
14 0.4965277777777778 0.9548611111111112 0.09027777777777778 0.09027777777777778 
60 0.6770833333333334 0.9270833333333334 0.09027777777777778 0.09027777777777778 
