38 0.1111111111111111 0.7604166666666666 0.09027777777777778 0.09027777777777778 
48 0.4861111111111111 0.5416666666666666 0.09027777777777778 0.09027777777777778 
154 0.13541666666666666 0.5243055555555556 0.09027777777777778 0.09027777777777778 
154 0.7638888888888888 0.6493055555555556 0.09027777777777778 0.09027777777777778 
68 0.6736111111111112 0.06597222222222222 0.09027777777777778 0.09027777777777778 
145 0.7951388888888888 0.5763888888888888 0.09027777777777778 0.09027777777777778 
102 0.5243055555555556 0.4375 0.09027777777777778 0.09027777777777778 
150 0.3368055555555556 0.5347222222222222 0.09027777777777778 0.09027777777777778 
110 0.8715277777777778 0.3055555555555556 0.09027777777777778 0.09027777777777778 
48 0.3784722222222222 0.1597222222222222 0.09027777777777778 0.09027777777777778 
