146 0.6979166666666666 0.9131944444444444 0.09027777777777778 0.09027777777777778 
7 0.7743055555555556 0.8541666666666666 0.09027777777777778 0.09027777777777778 
98 0.6597222222222222 0.5381944444444444 0.09027777777777778 0.09027777777777778 
95 0.3020833333333333 0.7465277777777778 0.09027777777777778 0.09027777777777778 
11 0.8159722222222222 0.2048611111111111 0.09027777777777778 0.09027777777777778 
154 0.4131944444444444 0.3194444444444444 0.09027777777777778 0.09027777777777778 
27 0.2777777777777778 0.04861111111111111 0.09027777777777778 0.09027777777777778 
23 0.09375 0.4097222222222222 0.09027777777777778 0.09027777777777778 
139 0.7083333333333334 0.4236111111111111 0.09027777777777778 0.09027777777777778 
128 0.6944444444444444 0.1111111111111111 0.09027777777777778 0.09027777777777778 
