65 0.8784722222222222 0.3298611111111111 0.09027777777777778 0.09027777777777778 
147 0.4444444444444444 0.7673611111111112 0.09027777777777778 0.09027777777777778 
26 0.5659722222222222 0.5069444444444444 0.09027777777777778 0.09027777777777778 
23 0.9270833333333334 0.2152777777777778 0.09027777777777778 0.09027777777777778 
28 0.5763888888888888 0.4375 0.09027777777777778 0.09027777777777778 
91 0.7222222222222222 0.59375 0.09027777777777778 0.09027777777777778 
148 0.6284722222222222 0.2048611111111111 0.09027777777777778 0.09027777777777778 
144 0.3402777777777778 0.06597222222222222 0.09027777777777778 0.09027777777777778 
15 0.4236111111111111 0.7743055555555556 0.09027777777777778 0.09027777777777778 
136 0.4965277777777778 0.6875 0.09027777777777778 0.09027777777777778 
