7 0.4930555555555556 0.6805555555555556 0.09027777777777778 0.09027777777777778 
33 0.2326388888888889 0.4375 0.09027777777777778 0.09027777777777778 
67 0.4236111111111111 0.5972222222222222 0.09027777777777778 0.09027777777777778 
62 0.7569444444444444 0.3368055555555556 0.09027777777777778 0.09027777777777778 
70 0.2638888888888889 0.8784722222222222 0.09027777777777778 0.09027777777777778 
16 0.6493055555555556 0.4861111111111111 0.09027777777777778 0.09027777777777778 
146 0.8854166666666666 0.6979166666666666 0.09027777777777778 0.09027777777777778 
6 0.3645833333333333 0.9375 0.09027777777777778 0.09027777777777778 
85 0.04861111111111111 0.75 0.09027777777777778 0.09027777777777778 
107 0.5555555555555556 0.3020833333333333 0.09027777777777778 0.09027777777777778 
