101 0.2673611111111111 0.65625 0.09027777777777778 0.09027777777777778 
110 0.9305555555555556 0.8923611111111112 0.09027777777777778 0.09027777777777778 
127 0.6979166666666666 0.9513888888888888 0.09027777777777778 0.09027777777777778 
84 0.8368055555555556 0.5138888888888888 0.09027777777777778 0.09027777777777778 
33 0.3923611111111111 0.3298611111111111 0.09027777777777778 0.09027777777777778 
79 0.4930555555555556 0.5555555555555556 0.09027777777777778 0.09027777777777778 
96 0.13194444444444445 0.75 0.09027777777777778 0.09027777777777778 
55 0.9444444444444444 0.9444444444444444 0.09027777777777778 0.09027777777777778 
146 0.3194444444444444 0.1597222222222222 0.09027777777777778 0.09027777777777778 
99 0.71875 0.1701388888888889 0.09027777777777778 0.09027777777777778 
