0 0.4305555555555556 0.9236111111111112 0.09027777777777778 0.09027777777777778 
129 0.3194444444444444 0.9305555555555556 0.09027777777777778 0.09027777777777778 
136 0.8125 0.21180555555555555 0.09027777777777778 0.09027777777777778 
58 0.5868055555555556 0.3159722222222222 0.09027777777777778 0.09027777777777778 
43 0.23958333333333334 0.2708333333333333 0.09027777777777778 0.09027777777777778 
96 0.2326388888888889 0.7638888888888888 0.09027777777777778 0.09027777777777778 
156 0.17708333333333334 0.9305555555555556 0.09027777777777778 0.09027777777777778 
112 0.5243055555555556 0.06597222222222222 0.09027777777777778 0.09027777777777778 
68 0.6388888888888888 0.7708333333333334 0.09027777777777778 0.09027777777777778 
138 0.8680555555555556 0.5104166666666666 0.09027777777777778 0.09027777777777778 
