80 0.9166666666666666 0.4826388888888889 0.09027777777777778 0.09027777777777778 
43 0.04513888888888889 0.3715277777777778 0.09027777777777778 0.09027777777777778 
115 0.5208333333333334 0.14583333333333334 0.09027777777777778 0.09027777777777778 
3 0.65625 0.11458333333333333 0.09027777777777778 0.09027777777777778 
129 0.6770833333333334 0.2569444444444444 0.09027777777777778 0.09027777777777778 
127 0.7673611111111112 0.06597222222222222 0.09027777777777778 0.09027777777777778 
100 0.9444444444444444 0.6215277777777778 0.09027777777777778 0.09027777777777778 
111 0.5416666666666666 0.28125 0.09027777777777778 0.09027777777777778 
42 0.5486111111111112 0.2847222222222222 0.09027777777777778 0.09027777777777778 
76 0.1840277777777778 0.1875 0.09027777777777778 0.09027777777777778 
