146 0.3993055555555556 0.06944444444444445 0.09027777777777778 0.09027777777777778 
120 0.5208333333333334 0.5034722222222222 0.09027777777777778 0.09027777777777778 
127 0.8645833333333334 0.5104166666666666 0.09027777777777778 0.09027777777777778 
53 0.23958333333333334 0.25 0.09027777777777778 0.09027777777777778 
53 0.7465277777777778 0.7013888888888888 0.09027777777777778 0.09027777777777778 
63 0.2743055555555556 0.4270833333333333 0.09027777777777778 0.09027777777777778 
26 0.6041666666666666 0.4930555555555556 0.09027777777777778 0.09027777777777778 
0 0.6527777777777778 0.28125 0.09027777777777778 0.09027777777777778 
14 0.2708333333333333 0.7916666666666666 0.09027777777777778 0.09027777777777778 
124 0.5 0.7847222222222222 0.09027777777777778 0.09027777777777778 
