43 0.7881944444444444 0.7048611111111112 0.09027777777777778 0.09027777777777778 
128 0.2777777777777778 0.5868055555555556 0.09027777777777778 0.09027777777777778 
50 0.05555555555555555 0.9340277777777778 0.09027777777777778 0.09027777777777778 
97 0.23958333333333334 0.7847222222222222 0.09027777777777778 0.09027777777777778 
70 0.8125 0.7881944444444444 0.09027777777777778 0.09027777777777778 
37 0.6319444444444444 0.125 0.09027777777777778 0.09027777777777778 
52 0.16666666666666666 0.5972222222222222 0.09027777777777778 0.09027777777777778 
133 0.6354166666666666 0.8854166666666666 0.09027777777777778 0.09027777777777778 
9 0.3611111111111111 0.4027777777777778 0.09027777777777778 0.09027777777777778 
50 0.2604166666666667 0.8159722222222222 0.09027777777777778 0.09027777777777778 
