133 0.2222222222222222 0.5381944444444444 0.09027777777777778 0.09027777777777778 
94 0.2881944444444444 0.3645833333333333 0.09027777777777778 0.09027777777777778 
85 0.20833333333333334 0.5972222222222222 0.09027777777777778 0.09027777777777778 
89 0.8923611111111112 0.6388888888888888 0.09027777777777778 0.09027777777777778 
12 0.9513888888888888 0.4583333333333333 0.09027777777777778 0.09027777777777778 
9 0.9479166666666666 0.90625 0.09027777777777778 0.09027777777777778 
62 0.2569444444444444 0.08680555555555555 0.09027777777777778 0.09027777777777778 
67 0.7881944444444444 0.8923611111111112 0.09027777777777778 0.09027777777777778 
92 0.7395833333333334 0.7777777777777778 0.09027777777777778 0.09027777777777778 
128 0.4618055555555556 0.2222222222222222 0.09027777777777778 0.09027777777777778 
