35 0.8125 0.4131944444444444 0.09027777777777778 0.09027777777777778 
151 0.1909722222222222 0.53125 0.09027777777777778 0.09027777777777778 
79 0.7013888888888888 0.16319444444444445 0.09027777777777778 0.09027777777777778 
144 0.12152777777777778 0.5277777777777778 0.09027777777777778 0.09027777777777778 
77 0.4548611111111111 0.6979166666666666 0.09027777777777778 0.09027777777777778 
73 0.7569444444444444 0.08333333333333333 0.09027777777777778 0.09027777777777778 
22 0.4861111111111111 0.5763888888888888 0.09027777777777778 0.09027777777777778 
63 0.5069444444444444 0.5243055555555556 0.09027777777777778 0.09027777777777778 
21 0.5625 0.3541666666666667 0.09027777777777778 0.09027777777777778 
102 0.3263888888888889 0.9340277777777778 0.09027777777777778 0.09027777777777778 
