82 0.1597222222222222 0.9201388888888888 0.09027777777777778 0.09027777777777778 
65 0.6840277777777778 0.11458333333333333 0.09027777777777778 0.09027777777777778 
138 0.4340277777777778 0.4930555555555556 0.09027777777777778 0.09027777777777778 
7 0.7534722222222222 0.2986111111111111 0.09027777777777778 0.09027777777777778 
70 0.9027777777777778 0.3194444444444444 0.09027777777777778 0.09027777777777778 
26 0.2881944444444444 0.5902777777777778 0.09027777777777778 0.09027777777777778 
26 0.8125 0.7395833333333334 0.09027777777777778 0.09027777777777778 
68 0.8229166666666666 0.8784722222222222 0.09027777777777778 0.09027777777777778 
94 0.7291666666666666 0.6979166666666666 0.09027777777777778 0.09027777777777778 
127 0.3715277777777778 0.7326388888888888 0.09027777777777778 0.09027777777777778 
