91 0.3611111111111111 0.9166666666666666 0.09027777777777778 0.09027777777777778 
85 0.4652777777777778 0.8923611111111112 0.09027777777777778 0.09027777777777778 
65 0.07291666666666667 0.9409722222222222 0.09027777777777778 0.09027777777777778 
132 0.8402777777777778 0.6597222222222222 0.09027777777777778 0.09027777777777778 
68 0.5798611111111112 0.8333333333333334 0.09027777777777778 0.09027777777777778 
108 0.3125 0.3055555555555556 0.09027777777777778 0.09027777777777778 
140 0.5902777777777778 0.6840277777777778 0.09027777777777778 0.09027777777777778 
147 0.1736111111111111 0.7743055555555556 0.09027777777777778 0.09027777777777778 
98 0.16666666666666666 0.3159722222222222 0.09027777777777778 0.09027777777777778 
58 0.2534722222222222 0.1388888888888889 0.09027777777777778 0.09027777777777778 
