74 0.18055555555555555 0.3680555555555556 0.09027777777777778 0.09027777777777778 
40 0.7083333333333334 0.2881944444444444 0.09027777777777778 0.09027777777777778 
10 0.2708333333333333 0.6701388888888888 0.09027777777777778 0.09027777777777778 
155 0.2534722222222222 0.5034722222222222 0.09027777777777778 0.09027777777777778 
120 0.7152777777777778 0.3020833333333333 0.09027777777777778 0.09027777777777778 
98 0.09375 0.9479166666666666 0.09027777777777778 0.09027777777777778 
67 0.5347222222222222 0.5590277777777778 0.09027777777777778 0.09027777777777778 
115 0.8159722222222222 0.7951388888888888 0.09027777777777778 0.09027777777777778 
143 0.5902777777777778 0.2048611111111111 0.09027777777777778 0.09027777777777778 
62 0.8888888888888888 0.3680555555555556 0.09027777777777778 0.09027777777777778 
