113 0.3298611111111111 0.8229166666666666 0.09027777777777778 0.09027777777777778 
59 0.8993055555555556 0.5902777777777778 0.09027777777777778 0.09027777777777778 
102 0.1527777777777778 0.9409722222222222 0.09027777777777778 0.09027777777777778 
27 0.5069444444444444 0.5729166666666666 0.09027777777777778 0.09027777777777778 
104 0.3229166666666667 0.7291666666666666 0.09027777777777778 0.09027777777777778 
77 0.4166666666666667 0.2916666666666667 0.09027777777777778 0.09027777777777778 
53 0.6736111111111112 0.2569444444444444 0.09027777777777778 0.09027777777777778 
14 0.7083333333333334 0.8715277777777778 0.09027777777777778 0.09027777777777778 
35 0.9027777777777778 0.8888888888888888 0.09027777777777778 0.09027777777777778 
151 0.4756944444444444 0.5034722222222222 0.09027777777777778 0.09027777777777778 
