62 0.3020833333333333 0.6111111111111112 0.09027777777777778 0.09027777777777778 
63 0.3993055555555556 0.24305555555555555 0.09027777777777778 0.09027777777777778 
20 0.14583333333333334 0.5208333333333334 0.09027777777777778 0.09027777777777778 
54 0.4097222222222222 0.5 0.09027777777777778 0.09027777777777778 
70 0.625 0.5798611111111112 0.09027777777777778 0.09027777777777778 
24 0.7048611111111112 0.4930555555555556 0.09027777777777778 0.09027777777777778 
38 0.3333333333333333 0.3263888888888889 0.09027777777777778 0.09027777777777778 
141 0.3125 0.2013888888888889 0.09027777777777778 0.09027777777777778 
84 0.71875 0.8020833333333334 0.09027777777777778 0.09027777777777778 
54 0.3923611111111111 0.09722222222222222 0.09027777777777778 0.09027777777777778 
