34 0.8263888888888888 0.19791666666666666 0.09027777777777778 0.09027777777777778 
18 0.3888888888888889 0.7465277777777778 0.09027777777777778 0.09027777777777778 
41 0.8368055555555556 0.8368055555555556 0.09027777777777778 0.09027777777777778 
11 0.4201388888888889 0.8159722222222222 0.09027777777777778 0.09027777777777778 
66 0.2013888888888889 0.5069444444444444 0.09027777777777778 0.09027777777777778 
98 0.6701388888888888 0.9375 0.09027777777777778 0.09027777777777778 
123 0.08680555555555555 0.20833333333333334 0.09027777777777778 0.09027777777777778 
133 0.3854166666666667 0.19444444444444445 0.09027777777777778 0.09027777777777778 
96 0.6423611111111112 0.3298611111111111 0.09027777777777778 0.09027777777777778 
102 0.40625 0.7430555555555556 0.09027777777777778 0.09027777777777778 
