113 0.4270833333333333 0.7569444444444444 0.09027777777777778 0.09027777777777778 
65 0.9097222222222222 0.16319444444444445 0.09027777777777778 0.09027777777777778 
137 0.2534722222222222 0.4826388888888889 0.09027777777777778 0.09027777777777778 
132 0.3576388888888889 0.65625 0.09027777777777778 0.09027777777777778 
36 0.2361111111111111 0.2465277777777778 0.09027777777777778 0.09027777777777778 
97 0.8159722222222222 0.2951388888888889 0.09027777777777778 0.09027777777777778 
48 0.6527777777777778 0.18055555555555555 0.09027777777777778 0.09027777777777778 
85 0.07291666666666667 0.9305555555555556 0.09027777777777778 0.09027777777777778 
95 0.3229166666666667 0.3576388888888889 0.09027777777777778 0.09027777777777778 
25 0.2534722222222222 0.8645833333333334 0.09027777777777778 0.09027777777777778 
