54 0.1111111111111111 0.6666666666666666 0.09027777777777778 0.09027777777777778 
86 0.5798611111111112 0.1527777777777778 0.09027777777777778 0.09027777777777778 
93 0.34375 0.8263888888888888 0.09027777777777778 0.09027777777777778 
129 0.7256944444444444 0.19791666666666666 0.09027777777777778 0.09027777777777778 
141 0.6388888888888888 0.4479166666666667 0.09027777777777778 0.09027777777777778 
9 0.9305555555555556 0.6006944444444444 0.09027777777777778 0.09027777777777778 
43 0.7048611111111112 0.8402777777777778 0.09027777777777778 0.09027777777777778 
61 0.3125 0.2986111111111111 0.09027777777777778 0.09027777777777778 
73 0.3090277777777778 0.1909722222222222 0.09027777777777778 0.09027777777777778 
10 0.052083333333333336 0.2847222222222222 0.09027777777777778 0.09027777777777778 
