68 0.1423611111111111 0.4583333333333333 0.09027777777777778 0.09027777777777778 
74 0.11458333333333333 0.6388888888888888 0.09027777777777778 0.09027777777777778 
9 0.5902777777777778 0.5520833333333334 0.09027777777777778 0.09027777777777778 
89 0.3020833333333333 0.4861111111111111 0.09027777777777778 0.09027777777777778 
46 0.2743055555555556 0.20833333333333334 0.09027777777777778 0.09027777777777778 
12 0.4479166666666667 0.8680555555555556 0.09027777777777778 0.09027777777777778 
134 0.7118055555555556 0.13541666666666666 0.09027777777777778 0.09027777777777778 
84 0.7395833333333334 0.125 0.09027777777777778 0.09027777777777778 
51 0.25 0.3020833333333333 0.09027777777777778 0.09027777777777778 
84 0.04861111111111111 0.2916666666666667 0.09027777777777778 0.09027777777777778 
