5 0.9270833333333334 0.5590277777777778 0.09027777777777778 0.09027777777777778 
16 0.6423611111111112 0.6979166666666666 0.09027777777777778 0.09027777777777778 
33 0.7881944444444444 0.5868055555555556 0.09027777777777778 0.09027777777777778 
27 0.5104166666666666 0.7604166666666666 0.09027777777777778 0.09027777777777778 
58 0.5763888888888888 0.46875 0.09027777777777778 0.09027777777777778 
2 0.4236111111111111 0.8055555555555556 0.09027777777777778 0.09027777777777778 
9 0.1701388888888889 0.07291666666666667 0.09027777777777778 0.09027777777777778 
30 0.06944444444444445 0.22569444444444445 0.09027777777777778 0.09027777777777778 
19 0.11458333333333333 0.5902777777777778 0.09027777777777778 0.09027777777777778 
29 0.052083333333333336 0.8159722222222222 0.09027777777777778 0.09027777777777778 
