15 0.5034722222222222 0.7916666666666666 0.09027777777777778 0.09027777777777778 
144 0.3402777777777778 0.6041666666666666 0.09027777777777778 0.09027777777777778 
94 0.7256944444444444 0.8125 0.09027777777777778 0.09027777777777778 
19 0.4340277777777778 0.7534722222222222 0.09027777777777778 0.09027777777777778 
89 0.6666666666666666 0.8784722222222222 0.09027777777777778 0.09027777777777778 
42 0.10069444444444445 0.7569444444444444 0.09027777777777778 0.09027777777777778 
28 0.4722222222222222 0.4930555555555556 0.09027777777777778 0.09027777777777778 
103 0.5416666666666666 0.5659722222222222 0.09027777777777778 0.09027777777777778 
127 0.6805555555555556 0.0798611111111111 0.09027777777777778 0.09027777777777778 
149 0.2847222222222222 0.7777777777777778 0.09027777777777778 0.09027777777777778 
