143 0.2777777777777778 0.16319444444444445 0.09027777777777778 0.09027777777777778 
21 0.10069444444444445 0.71875 0.09027777777777778 0.09027777777777778 
116 0.6666666666666666 0.8194444444444444 0.09027777777777778 0.09027777777777778 
42 0.6493055555555556 0.7291666666666666 0.09027777777777778 0.09027777777777778 
91 0.5416666666666666 0.2847222222222222 0.09027777777777778 0.09027777777777778 
143 0.7673611111111112 0.90625 0.09027777777777778 0.09027777777777778 
13 0.5347222222222222 0.1111111111111111 0.09027777777777778 0.09027777777777778 
57 0.3923611111111111 0.3854166666666667 0.09027777777777778 0.09027777777777778 
89 0.5659722222222222 0.06597222222222222 0.09027777777777778 0.09027777777777778 
15 0.8541666666666666 0.4513888888888889 0.09027777777777778 0.09027777777777778 
