87 0.9479166666666666 0.06944444444444445 0.09027777777777778 0.09027777777777778 
89 0.7361111111111112 0.7916666666666666 0.09027777777777778 0.09027777777777778 
47 0.125 0.3368055555555556 0.09027777777777778 0.09027777777777778 
46 0.6944444444444444 0.9409722222222222 0.09027777777777778 0.09027777777777778 
30 0.7152777777777778 0.16319444444444445 0.09027777777777778 0.09027777777777778 
142 0.3645833333333333 0.6284722222222222 0.09027777777777778 0.09027777777777778 
142 0.6840277777777778 0.7604166666666666 0.09027777777777778 0.09027777777777778 
81 0.13541666666666666 0.46875 0.09027777777777778 0.09027777777777778 
54 0.5590277777777778 0.7708333333333334 0.09027777777777778 0.09027777777777778 
87 0.2708333333333333 0.6666666666666666 0.09027777777777778 0.09027777777777778 
