30 0.5902777777777778 0.6388888888888888 0.09027777777777778 0.09027777777777778 
128 0.9305555555555556 0.3819444444444444 0.09027777777777778 0.09027777777777778 
67 0.19444444444444445 0.6527777777777778 0.09027777777777778 0.09027777777777778 
137 0.7048611111111112 0.4965277777777778 0.09027777777777778 0.09027777777777778 
76 0.20833333333333334 0.3159722222222222 0.09027777777777778 0.09027777777777778 
120 0.7916666666666666 0.4965277777777778 0.09027777777777778 0.09027777777777778 
48 0.5104166666666666 0.7118055555555556 0.09027777777777778 0.09027777777777778 
80 0.5902777777777778 0.8055555555555556 0.09027777777777778 0.09027777777777778 
4 0.1527777777777778 0.4479166666666667 0.09027777777777778 0.09027777777777778 
0 0.4027777777777778 0.1597222222222222 0.09027777777777778 0.09027777777777778 
