15 0.13541666666666666 0.8368055555555556 0.09027777777777778 0.09027777777777778 
75 0.625 0.052083333333333336 0.09027777777777778 0.09027777777777778 
107 0.19791666666666666 0.8715277777777778 0.09027777777777778 0.09027777777777778 
107 0.1076388888888889 0.3819444444444444 0.09027777777777778 0.09027777777777778 
121 0.21875 0.1736111111111111 0.09027777777777778 0.09027777777777778 
39 0.20833333333333334 0.1736111111111111 0.09027777777777778 0.09027777777777778 
59 0.5798611111111112 0.6840277777777778 0.09027777777777778 0.09027777777777778 
70 0.09722222222222222 0.7152777777777778 0.09027777777777778 0.09027777777777778 
47 0.5729166666666666 0.5416666666666666 0.09027777777777778 0.09027777777777778 
84 0.3125 0.09027777777777778 0.09027777777777778 0.09027777777777778 
