55 0.75 0.3020833333333333 0.09027777777777778 0.09027777777777778 
10 0.5069444444444444 0.1840277777777778 0.09027777777777778 0.09027777777777778 
4 0.8194444444444444 0.6215277777777778 0.09027777777777778 0.09027777777777778 
22 0.78125 0.06944444444444445 0.09027777777777778 0.09027777777777778 
85 0.7048611111111112 0.052083333333333336 0.09027777777777778 0.09027777777777778 
5 0.3159722222222222 0.8090277777777778 0.09027777777777778 0.09027777777777778 
70 0.2326388888888889 0.09027777777777778 0.09027777777777778 0.09027777777777778 
71 0.7881944444444444 0.4340277777777778 0.09027777777777778 0.09027777777777778 
26 0.40625 0.3680555555555556 0.09027777777777778 0.09027777777777778 
43 0.7256944444444444 0.8784722222222222 0.09027777777777778 0.09027777777777778 
