20 0.04513888888888889 0.5868055555555556 0.09027777777777778 0.09027777777777778 
110 0.5659722222222222 0.3402777777777778 0.09027777777777778 0.09027777777777778 
151 0.8819444444444444 0.2743055555555556 0.09027777777777778 0.09027777777777778 
17 0.4340277777777778 0.9305555555555556 0.09027777777777778 0.09027777777777778 
1 0.5381944444444444 0.12152777777777778 0.09027777777777778 0.09027777777777778 
18 0.7465277777777778 0.09027777777777778 0.09027777777777778 0.09027777777777778 
128 0.06944444444444445 0.75 0.09027777777777778 0.09027777777777778 
66 0.2222222222222222 0.3472222222222222 0.09027777777777778 0.09027777777777778 
125 0.6388888888888888 0.9131944444444444 0.09027777777777778 0.09027777777777778 
114 0.2152777777777778 0.5520833333333334 0.09027777777777778 0.09027777777777778 
