46 0.13541666666666666 0.9409722222222222 0.09027777777777778 0.09027777777777778 
24 0.2361111111111111 0.8611111111111112 0.09027777777777778 0.09027777777777778 
94 0.13541666666666666 0.8958333333333334 0.09027777777777778 0.09027777777777778 
99 0.6284722222222222 0.5833333333333334 0.09027777777777778 0.09027777777777778 
103 0.3576388888888889 0.2534722222222222 0.09027777777777778 0.09027777777777778 
71 0.1909722222222222 0.4027777777777778 0.09027777777777778 0.09027777777777778 
118 0.1076388888888889 0.059027777777777776 0.09027777777777778 0.09027777777777778 
94 0.5902777777777778 0.1423611111111111 0.09027777777777778 0.09027777777777778 
14 0.5694444444444444 0.5451388888888888 0.09027777777777778 0.09027777777777778 
132 0.7430555555555556 0.7361111111111112 0.09027777777777778 0.09027777777777778 
