64 0.24305555555555555 0.10069444444444445 0.09027777777777778 0.09027777777777778 
95 0.3333333333333333 0.375 0.09027777777777778 0.09027777777777778 
37 0.2881944444444444 0.5069444444444444 0.09027777777777778 0.09027777777777778 
36 0.5486111111111112 0.5277777777777778 0.09027777777777778 0.09027777777777778 
61 0.1388888888888889 0.8854166666666666 0.09027777777777778 0.09027777777777778 
144 0.2708333333333333 0.2534722222222222 0.09027777777777778 0.09027777777777778 
109 0.0798611111111111 0.7256944444444444 0.09027777777777778 0.09027777777777778 
25 0.3958333333333333 0.4166666666666667 0.09027777777777778 0.09027777777777778 
70 0.4305555555555556 0.5520833333333334 0.09027777777777778 0.09027777777777778 
49 0.6006944444444444 0.3576388888888889 0.09027777777777778 0.09027777777777778 
