54 0.8576388888888888 0.1527777777777778 0.09027777777777778 0.09027777777777778 
118 0.2673611111111111 0.7673611111111112 0.09027777777777778 0.09027777777777778 
61 0.12152777777777778 0.1840277777777778 0.09027777777777778 0.09027777777777778 
49 0.1076388888888889 0.3229166666666667 0.09027777777777778 0.09027777777777778 
139 0.2881944444444444 0.04861111111111111 0.09027777777777778 0.09027777777777778 
91 0.1909722222222222 0.5416666666666666 0.09027777777777778 0.09027777777777778 
31 0.6076388888888888 0.3298611111111111 0.09027777777777778 0.09027777777777778 
84 0.24305555555555555 0.9131944444444444 0.09027777777777778 0.09027777777777778 
26 0.2743055555555556 0.8159722222222222 0.09027777777777778 0.09027777777777778 
12 0.4791666666666667 0.5729166666666666 0.09027777777777778 0.09027777777777778 
