125 0.59375 0.4166666666666667 0.09027777777777778 0.09027777777777778 
36 0.6840277777777778 0.08680555555555555 0.09027777777777778 0.09027777777777778 
72 0.21180555555555555 0.2638888888888889 0.09027777777777778 0.09027777777777778 
110 0.46875 0.4652777777777778 0.09027777777777778 0.09027777777777778 
145 0.5486111111111112 0.8819444444444444 0.09027777777777778 0.09027777777777778 
3 0.14930555555555555 0.5347222222222222 0.09027777777777778 0.09027777777777778 
91 0.875 0.5486111111111112 0.09027777777777778 0.09027777777777778 
71 0.8958333333333334 0.78125 0.09027777777777778 0.09027777777777778 
65 0.4340277777777778 0.4166666666666667 0.09027777777777778 0.09027777777777778 
118 0.7881944444444444 0.15625 0.09027777777777778 0.09027777777777778 
