135 0.04861111111111111 0.2326388888888889 0.09027777777777778 0.09027777777777778 
93 0.3541666666666667 0.7916666666666666 0.09027777777777778 0.09027777777777778 
67 0.5173611111111112 0.052083333333333336 0.09027777777777778 0.09027777777777778 
28 0.5729166666666666 0.8819444444444444 0.09027777777777778 0.09027777777777778 
56 0.5694444444444444 0.4166666666666667 0.09027777777777778 0.09027777777777778 
92 0.3923611111111111 0.3645833333333333 0.09027777777777778 0.09027777777777778 
54 0.8680555555555556 0.1875 0.09027777777777778 0.09027777777777778 
92 0.08333333333333333 0.3090277777777778 0.09027777777777778 0.09027777777777778 
9 0.7916666666666666 0.5173611111111112 0.09027777777777778 0.09027777777777778 
139 0.0798611111111111 0.7534722222222222 0.09027777777777778 0.09027777777777778 
