134 0.08333333333333333 0.20833333333333334 0.09027777777777778 0.09027777777777778 
28 0.8263888888888888 0.4340277777777778 0.09027777777777778 0.09027777777777778 
72 0.10416666666666667 0.3645833333333333 0.09027777777777778 0.09027777777777778 
148 0.5590277777777778 0.2048611111111111 0.09027777777777778 0.09027777777777778 
124 0.7465277777777778 0.0798611111111111 0.09027777777777778 0.09027777777777778 
26 0.8159722222222222 0.17708333333333334 0.09027777777777778 0.09027777777777778 
104 0.9097222222222222 0.4201388888888889 0.09027777777777778 0.09027777777777778 
34 0.09027777777777778 0.7256944444444444 0.09027777777777778 0.09027777777777778 
114 0.625 0.2986111111111111 0.09027777777777778 0.09027777777777778 
5 0.1701388888888889 0.24305555555555555 0.09027777777777778 0.09027777777777778 
