42 0.7847222222222222 0.5625 0.09027777777777778 0.09027777777777778 
52 0.5104166666666666 0.16319444444444445 0.09027777777777778 0.09027777777777778 
89 0.5659722222222222 0.5381944444444444 0.09027777777777778 0.09027777777777778 
68 0.3368055555555556 0.8090277777777778 0.09027777777777778 0.09027777777777778 
64 0.7673611111111112 0.1701388888888889 0.09027777777777778 0.09027777777777778 
75 0.4375 0.5729166666666666 0.09027777777777778 0.09027777777777778 
78 0.6354166666666666 0.11805555555555555 0.09027777777777778 0.09027777777777778 
68 0.7708333333333334 0.9236111111111112 0.09027777777777778 0.09027777777777778 
105 0.1527777777777778 0.1423611111111111 0.09027777777777778 0.09027777777777778 
91 0.5451388888888888 0.4166666666666667 0.09027777777777778 0.09027777777777778 
