45 0.9131944444444444 0.8576388888888888 0.09027777777777778 0.09027777777777778 
31 0.8055555555555556 0.7708333333333334 0.09027777777777778 0.09027777777777778 
96 0.4756944444444444 0.10069444444444445 0.09027777777777778 0.09027777777777778 
59 0.13541666666666666 0.4340277777777778 0.09027777777777778 0.09027777777777778 
0 0.3993055555555556 0.0763888888888889 0.09027777777777778 0.09027777777777778 
28 0.1388888888888889 0.6631944444444444 0.09027777777777778 0.09027777777777778 
102 0.5486111111111112 0.19444444444444445 0.09027777777777778 0.09027777777777778 
139 0.8541666666666666 0.8194444444444444 0.09027777777777778 0.09027777777777778 
53 0.4756944444444444 0.7048611111111112 0.09027777777777778 0.09027777777777778 
123 0.6041666666666666 0.59375 0.09027777777777778 0.09027777777777778 
