31 0.6840277777777778 0.6041666666666666 0.09027777777777778 0.09027777777777778 
85 0.5659722222222222 0.21180555555555555 0.09027777777777778 0.09027777777777778 
11 0.8680555555555556 0.8229166666666666 0.09027777777777778 0.09027777777777778 
41 0.40625 0.19444444444444445 0.09027777777777778 0.09027777777777778 
136 0.2361111111111111 0.7465277777777778 0.09027777777777778 0.09027777777777778 
18 0.8055555555555556 0.5347222222222222 0.09027777777777778 0.09027777777777778 
18 0.9166666666666666 0.7569444444444444 0.09027777777777778 0.09027777777777778 
23 0.625 0.1701388888888889 0.09027777777777778 0.09027777777777778 
77 0.9201388888888888 0.6736111111111112 0.09027777777777778 0.09027777777777778 
94 0.9548611111111112 0.7152777777777778 0.09027777777777778 0.09027777777777778 
