54 0.2152777777777778 0.04513888888888889 0.09027777777777778 0.09027777777777778 
134 0.6736111111111112 0.9513888888888888 0.09027777777777778 0.09027777777777778 
93 0.3541666666666667 0.8680555555555556 0.09027777777777778 0.09027777777777778 
66 0.09375 0.3819444444444444 0.09027777777777778 0.09027777777777778 
102 0.5902777777777778 0.7604166666666666 0.09027777777777778 0.09027777777777778 
93 0.90625 0.4340277777777778 0.09027777777777778 0.09027777777777778 
19 0.4756944444444444 0.125 0.09027777777777778 0.09027777777777778 
144 0.875 0.3368055555555556 0.09027777777777778 0.09027777777777778 
152 0.125 0.40625 0.09027777777777778 0.09027777777777778 
9 0.6736111111111112 0.2604166666666667 0.09027777777777778 0.09027777777777778 
