69 0.18055555555555555 0.22569444444444445 0.09027777777777778 0.09027777777777778 
22 0.6458333333333334 0.3645833333333333 0.09027777777777778 0.09027777777777778 
31 0.12152777777777778 0.4861111111111111 0.09027777777777778 0.09027777777777778 
136 0.1284722222222222 0.3402777777777778 0.09027777777777778 0.09027777777777778 
153 0.4340277777777778 0.5486111111111112 0.09027777777777778 0.09027777777777778 
145 0.4027777777777778 0.4409722222222222 0.09027777777777778 0.09027777777777778 
93 0.8263888888888888 0.2951388888888889 0.09027777777777778 0.09027777777777778 
98 0.4201388888888889 0.7361111111111112 0.09027777777777778 0.09027777777777778 
73 0.3055555555555556 0.09722222222222222 0.09027777777777778 0.09027777777777778 
75 0.8333333333333334 0.7743055555555556 0.09027777777777778 0.09027777777777778 
