16 0.5034722222222222 0.5243055555555556 0.09027777777777778 0.09027777777777778 
35 0.6458333333333334 0.8576388888888888 0.09027777777777778 0.09027777777777778 
126 0.4270833333333333 0.8645833333333334 0.09027777777777778 0.09027777777777778 
54 0.78125 0.9131944444444444 0.09027777777777778 0.09027777777777778 
38 0.22569444444444445 0.4791666666666667 0.09027777777777778 0.09027777777777778 
8 0.21875 0.4826388888888889 0.09027777777777778 0.09027777777777778 
74 0.7048611111111112 0.5659722222222222 0.09027777777777778 0.09027777777777778 
56 0.65625 0.09722222222222222 0.09027777777777778 0.09027777777777778 
10 0.3854166666666667 0.22916666666666666 0.09027777777777778 0.09027777777777778 
52 0.8993055555555556 0.8263888888888888 0.09027777777777778 0.09027777777777778 
