22 0.9131944444444444 0.7361111111111112 0.09027777777777778 0.09027777777777778 
40 0.8923611111111112 0.6840277777777778 0.09027777777777778 0.09027777777777778 
102 0.5243055555555556 0.11458333333333333 0.09027777777777778 0.09027777777777778 
84 0.2673611111111111 0.59375 0.09027777777777778 0.09027777777777778 
155 0.4201388888888889 0.5520833333333334 0.09027777777777778 0.09027777777777778 
101 0.8819444444444444 0.25 0.09027777777777778 0.09027777777777778 
33 0.3993055555555556 0.8020833333333334 0.09027777777777778 0.09027777777777778 
112 0.3125 0.2361111111111111 0.09027777777777778 0.09027777777777778 
45 0.84375 0.8611111111111112 0.09027777777777778 0.09027777777777778 
124 0.6354166666666666 0.5972222222222222 0.09027777777777778 0.09027777777777778 
