10 0.3819444444444444 0.2569444444444444 0.09027777777777778 0.09027777777777778 
145 0.3854166666666667 0.3784722222222222 0.09027777777777778 0.09027777777777778 
95 0.0763888888888889 0.9131944444444444 0.09027777777777778 0.09027777777777778 
10 0.4861111111111111 0.3368055555555556 0.09027777777777778 0.09027777777777778 
52 0.2916666666666667 0.5 0.09027777777777778 0.09027777777777778 
50 0.78125 0.4305555555555556 0.09027777777777778 0.09027777777777778 
31 0.8402777777777778 0.18055555555555555 0.09027777777777778 0.09027777777777778 
154 0.7986111111111112 0.5486111111111112 0.09027777777777778 0.09027777777777778 
7 0.9409722222222222 0.3819444444444444 0.09027777777777778 0.09027777777777778 
116 0.7534722222222222 0.9236111111111112 0.09027777777777778 0.09027777777777778 
