132 0.3784722222222222 0.4131944444444444 0.09027777777777778 0.09027777777777778 
33 0.13541666666666666 0.2708333333333333 0.09027777777777778 0.09027777777777778 
9 0.9236111111111112 0.875 0.09027777777777778 0.09027777777777778 
110 0.3055555555555556 0.2881944444444444 0.09027777777777778 0.09027777777777778 
42 0.3020833333333333 0.7222222222222222 0.09027777777777778 0.09027777777777778 
127 0.1875 0.4305555555555556 0.09027777777777778 0.09027777777777778 
78 0.5173611111111112 0.1597222222222222 0.09027777777777778 0.09027777777777778 
111 0.3611111111111111 0.84375 0.09027777777777778 0.09027777777777778 
78 0.9409722222222222 0.6875 0.09027777777777778 0.09027777777777778 
78 0.53125 0.16666666666666666 0.09027777777777778 0.09027777777777778 
