78 0.8923611111111112 0.6736111111111112 0.09027777777777778 0.09027777777777778 
38 0.5069444444444444 0.1701388888888889 0.09027777777777778 0.09027777777777778 
80 0.4791666666666667 0.4375 0.09027777777777778 0.09027777777777778 
14 0.09722222222222222 0.5625 0.09027777777777778 0.09027777777777778 
72 0.3159722222222222 0.0625 0.09027777777777778 0.09027777777777778 
49 0.8784722222222222 0.3194444444444444 0.09027777777777778 0.09027777777777778 
26 0.1423611111111111 0.0625 0.09027777777777778 0.09027777777777778 
75 0.8888888888888888 0.4201388888888889 0.09027777777777778 0.09027777777777778 
34 0.3020833333333333 0.65625 0.09027777777777778 0.09027777777777778 
77 0.6319444444444444 0.3298611111111111 0.09027777777777778 0.09027777777777778 
