101 0.4409722222222222 0.9513888888888888 0.09027777777777778 0.09027777777777778 
5 0.5659722222222222 0.9444444444444444 0.09027777777777778 0.09027777777777778 
24 0.1527777777777778 0.8194444444444444 0.09027777777777778 0.09027777777777778 
132 0.6597222222222222 0.65625 0.09027777777777778 0.09027777777777778 
29 0.4548611111111111 0.2326388888888889 0.09027777777777778 0.09027777777777778 
48 0.8576388888888888 0.8541666666666666 0.09027777777777778 0.09027777777777778 
61 0.2465277777777778 0.53125 0.09027777777777778 0.09027777777777778 
14 0.052083333333333336 0.2152777777777778 0.09027777777777778 0.09027777777777778 
71 0.71875 0.2986111111111111 0.09027777777777778 0.09027777777777778 
84 0.4201388888888889 0.8090277777777778 0.09027777777777778 0.09027777777777778 
