122 0.7604166666666666 0.2673611111111111 0.09027777777777778 0.09027777777777778 
57 0.3819444444444444 0.7638888888888888 0.09027777777777778 0.09027777777777778 
21 0.5451388888888888 0.2604166666666667 0.09027777777777778 0.09027777777777778 
93 0.4618055555555556 0.2673611111111111 0.09027777777777778 0.09027777777777778 
136 0.3645833333333333 0.3784722222222222 0.09027777777777778 0.09027777777777778 
65 0.3576388888888889 0.3888888888888889 0.09027777777777778 0.09027777777777778 
53 0.40625 0.8506944444444444 0.09027777777777778 0.09027777777777778 
20 0.6180555555555556 0.13194444444444445 0.09027777777777778 0.09027777777777778 
45 0.2673611111111111 0.125 0.09027777777777778 0.09027777777777778 
98 0.3680555555555556 0.7743055555555556 0.09027777777777778 0.09027777777777778 
