33 0.6319444444444444 0.4236111111111111 0.09027777777777778 0.09027777777777778 
94 0.7604166666666666 0.9340277777777778 0.09027777777777778 0.09027777777777778 
132 0.4722222222222222 0.22569444444444445 0.09027777777777778 0.09027777777777778 
58 0.3645833333333333 0.5798611111111112 0.09027777777777778 0.09027777777777778 
53 0.23958333333333334 0.6458333333333334 0.09027777777777778 0.09027777777777778 
26 0.2361111111111111 0.3368055555555556 0.09027777777777778 0.09027777777777778 
67 0.5034722222222222 0.059027777777777776 0.09027777777777778 0.09027777777777778 
33 0.19791666666666666 0.8611111111111112 0.09027777777777778 0.09027777777777778 
99 0.7083333333333334 0.2638888888888889 0.09027777777777778 0.09027777777777778 
88 0.8020833333333334 0.7361111111111112 0.09027777777777778 0.09027777777777778 
