73 0.7118055555555556 0.9236111111111112 0.09027777777777778 0.09027777777777778 
86 0.6006944444444444 0.7326388888888888 0.09027777777777778 0.09027777777777778 
129 0.4305555555555556 0.9409722222222222 0.09027777777777778 0.09027777777777778 
83 0.6701388888888888 0.4444444444444444 0.09027777777777778 0.09027777777777778 
85 0.7222222222222222 0.04513888888888889 0.09027777777777778 0.09027777777777778 
31 0.04513888888888889 0.8715277777777778 0.09027777777777778 0.09027777777777778 
156 0.1111111111111111 0.34375 0.09027777777777778 0.09027777777777778 
138 0.8090277777777778 0.3263888888888889 0.09027777777777778 0.09027777777777778 
6 0.1284722222222222 0.3680555555555556 0.09027777777777778 0.09027777777777778 
151 0.3576388888888889 0.4375 0.09027777777777778 0.09027777777777778 
