93 0.9479166666666666 0.2465277777777778 0.09027777777777778 0.09027777777777778 
76 0.8472222222222222 0.625 0.09027777777777778 0.09027777777777778 
87 0.4895833333333333 0.6875 0.09027777777777778 0.09027777777777778 
140 0.34375 0.7013888888888888 0.09027777777777778 0.09027777777777778 
113 0.3368055555555556 0.5625 0.09027777777777778 0.09027777777777778 
69 0.4826388888888889 0.8541666666666666 0.09027777777777778 0.09027777777777778 
108 0.3020833333333333 0.18055555555555555 0.09027777777777778 0.09027777777777778 
97 0.9340277777777778 0.1527777777777778 0.09027777777777778 0.09027777777777778 
57 0.5347222222222222 0.875 0.09027777777777778 0.09027777777777778 
152 0.11805555555555555 0.14583333333333334 0.09027777777777778 0.09027777777777778 
