111 0.90625 0.8993055555555556 0.09027777777777778 0.09027777777777778 
106 0.3576388888888889 0.3784722222222222 0.09027777777777778 0.09027777777777778 
147 0.6388888888888888 0.8645833333333334 0.09027777777777778 0.09027777777777778 
128 0.375 0.3090277777777778 0.09027777777777778 0.09027777777777778 
83 0.1701388888888889 0.1840277777777778 0.09027777777777778 0.09027777777777778 
106 0.8958333333333334 0.6145833333333334 0.09027777777777778 0.09027777777777778 
86 0.9305555555555556 0.5173611111111112 0.09027777777777778 0.09027777777777778 
61 0.4270833333333333 0.7743055555555556 0.09027777777777778 0.09027777777777778 
79 0.3923611111111111 0.5347222222222222 0.09027777777777778 0.09027777777777778 
50 0.4861111111111111 0.6944444444444444 0.09027777777777778 0.09027777777777778 
