79 0.8055555555555556 0.2847222222222222 0.09027777777777778 0.09027777777777778 
93 0.2534722222222222 0.4722222222222222 0.09027777777777778 0.09027777777777778 
129 0.1701388888888889 0.6944444444444444 0.09027777777777778 0.09027777777777778 
41 0.0798611111111111 0.5555555555555556 0.09027777777777778 0.09027777777777778 
100 0.6493055555555556 0.6979166666666666 0.09027777777777778 0.09027777777777778 
134 0.2638888888888889 0.4444444444444444 0.09027777777777778 0.09027777777777778 
60 0.5381944444444444 0.8333333333333334 0.09027777777777778 0.09027777777777778 
43 0.7256944444444444 0.19791666666666666 0.09027777777777778 0.09027777777777778 
9 0.3645833333333333 0.7743055555555556 0.09027777777777778 0.09027777777777778 
21 0.6944444444444444 0.8125 0.09027777777777778 0.09027777777777778 
