138 0.3993055555555556 0.22569444444444445 0.09027777777777778 0.09027777777777778 
103 0.14583333333333334 0.5416666666666666 0.09027777777777778 0.09027777777777778 
150 0.10069444444444445 0.4791666666666667 0.09027777777777778 0.09027777777777778 
139 0.08680555555555555 0.3055555555555556 0.09027777777777778 0.09027777777777778 
35 0.5798611111111112 0.53125 0.09027777777777778 0.09027777777777778 
40 0.9409722222222222 0.5173611111111112 0.09027777777777778 0.09027777777777778 
48 0.21180555555555555 0.3993055555555556 0.09027777777777778 0.09027777777777778 
102 0.6979166666666666 0.09375 0.09027777777777778 0.09027777777777778 
65 0.40625 0.125 0.09027777777777778 0.09027777777777778 
53 0.7361111111111112 0.8576388888888888 0.09027777777777778 0.09027777777777778 
