16 0.7847222222222222 0.6944444444444444 0.09027777777777778 0.09027777777777778 
10 0.34375 0.5590277777777778 0.09027777777777778 0.09027777777777778 
81 0.4722222222222222 0.6423611111111112 0.09027777777777778 0.09027777777777778 
75 0.7083333333333334 0.10069444444444445 0.09027777777777778 0.09027777777777778 
147 0.3402777777777778 0.8298611111111112 0.09027777777777778 0.09027777777777778 
88 0.08333333333333333 0.3159722222222222 0.09027777777777778 0.09027777777777778 
40 0.9513888888888888 0.8680555555555556 0.09027777777777778 0.09027777777777778 
31 0.3402777777777778 0.1388888888888889 0.09027777777777778 0.09027777777777778 
101 0.4201388888888889 0.12152777777777778 0.09027777777777778 0.09027777777777778 
51 0.0625 0.07291666666666667 0.09027777777777778 0.09027777777777778 
