25 0.3576388888888889 0.20833333333333334 0.09027777777777778 0.09027777777777778 
21 0.2013888888888889 0.8194444444444444 0.09027777777777778 0.09027777777777778 
51 0.9236111111111112 0.7534722222222222 0.09027777777777778 0.09027777777777778 
116 0.2881944444444444 0.4548611111111111 0.09027777777777778 0.09027777777777778 
12 0.0763888888888889 0.875 0.09027777777777778 0.09027777777777778 
134 0.4340277777777778 0.78125 0.09027777777777778 0.09027777777777778 
136 0.4652777777777778 0.5138888888888888 0.09027777777777778 0.09027777777777778 
51 0.6979166666666666 0.8993055555555556 0.09027777777777778 0.09027777777777778 
2 0.22569444444444445 0.5625 0.09027777777777778 0.09027777777777778 
113 0.6979166666666666 0.4131944444444444 0.09027777777777778 0.09027777777777778 
