51 0.3333333333333333 0.1076388888888889 0.09027777777777778 0.09027777777777778 
101 0.5972222222222222 0.7604166666666666 0.09027777777777778 0.09027777777777778 
137 0.625 0.9027777777777778 0.09027777777777778 0.09027777777777778 
88 0.3923611111111111 0.3194444444444444 0.09027777777777778 0.09027777777777778 
114 0.7708333333333334 0.9131944444444444 0.09027777777777778 0.09027777777777778 
81 0.59375 0.6736111111111112 0.09027777777777778 0.09027777777777778 
143 0.04513888888888889 0.3541666666666667 0.09027777777777778 0.09027777777777778 
38 0.14930555555555555 0.25 0.09027777777777778 0.09027777777777778 
22 0.4652777777777778 0.8854166666666666 0.09027777777777778 0.09027777777777778 
136 0.5729166666666666 0.9027777777777778 0.09027777777777778 0.09027777777777778 
