112 0.7638888888888888 0.8888888888888888 0.09027777777777778 0.09027777777777778 
116 0.1388888888888889 0.9513888888888888 0.09027777777777778 0.09027777777777778 
111 0.3159722222222222 0.2743055555555556 0.09027777777777778 0.09027777777777778 
62 0.9166666666666666 0.2986111111111111 0.09027777777777778 0.09027777777777778 
66 0.5625 0.2569444444444444 0.09027777777777778 0.09027777777777778 
47 0.06944444444444445 0.9201388888888888 0.09027777777777778 0.09027777777777778 
107 0.3611111111111111 0.5902777777777778 0.09027777777777778 0.09027777777777778 
11 0.4236111111111111 0.4791666666666667 0.09027777777777778 0.09027777777777778 
97 0.05555555555555555 0.28125 0.09027777777777778 0.09027777777777778 
77 0.59375 0.40625 0.09027777777777778 0.09027777777777778 
