31 0.4548611111111111 0.34375 0.09027777777777778 0.09027777777777778 
37 0.4583333333333333 0.17708333333333334 0.09027777777777778 0.09027777777777778 
141 0.84375 0.8020833333333334 0.09027777777777778 0.09027777777777778 
114 0.8159722222222222 0.16319444444444445 0.09027777777777778 0.09027777777777778 
132 0.4166666666666667 0.4479166666666667 0.09027777777777778 0.09027777777777778 
150 0.4722222222222222 0.6770833333333334 0.09027777777777778 0.09027777777777778 
25 0.7569444444444444 0.21180555555555555 0.09027777777777778 0.09027777777777778 
111 0.8819444444444444 0.4270833333333333 0.09027777777777778 0.09027777777777778 
11 0.5625 0.3611111111111111 0.09027777777777778 0.09027777777777778 
100 0.6701388888888888 0.2048611111111111 0.09027777777777778 0.09027777777777778 
