42 0.4131944444444444 0.6770833333333334 0.09027777777777778 0.09027777777777778 
87 0.3020833333333333 0.09375 0.09027777777777778 0.09027777777777778 
33 0.20833333333333334 0.13194444444444445 0.09027777777777778 0.09027777777777778 
55 0.5347222222222222 0.5243055555555556 0.09027777777777778 0.09027777777777778 
104 0.4201388888888889 0.2916666666666667 0.09027777777777778 0.09027777777777778 
118 0.5729166666666666 0.8263888888888888 0.09027777777777778 0.09027777777777778 
154 0.78125 0.4756944444444444 0.09027777777777778 0.09027777777777778 
53 0.5763888888888888 0.12152777777777778 0.09027777777777778 0.09027777777777778 
142 0.7291666666666666 0.2743055555555556 0.09027777777777778 0.09027777777777778 
88 0.3958333333333333 0.3402777777777778 0.09027777777777778 0.09027777777777778 
