84 0.7361111111111112 0.7986111111111112 0.09027777777777778 0.09027777777777778 
65 0.7638888888888888 0.6597222222222222 0.09027777777777778 0.09027777777777778 
126 0.9340277777777778 0.8784722222222222 0.09027777777777778 0.09027777777777778 
121 0.5659722222222222 0.6354166666666666 0.09027777777777778 0.09027777777777778 
137 0.2673611111111111 0.22916666666666666 0.09027777777777778 0.09027777777777778 
56 0.8229166666666666 0.2951388888888889 0.09027777777777778 0.09027777777777778 
144 0.04861111111111111 0.7291666666666666 0.09027777777777778 0.09027777777777778 
120 0.9479166666666666 0.8194444444444444 0.09027777777777778 0.09027777777777778 
22 0.9479166666666666 0.7777777777777778 0.09027777777777778 0.09027777777777778 
86 0.5138888888888888 0.5625 0.09027777777777778 0.09027777777777778 
