5 0.6180555555555556 0.14583333333333334 0.09027777777777778 0.09027777777777778 
56 0.8645833333333334 0.7291666666666666 0.09027777777777778 0.09027777777777778 
8 0.22916666666666666 0.12152777777777778 0.09027777777777778 0.09027777777777778 
56 0.14583333333333334 0.11805555555555555 0.09027777777777778 0.09027777777777778 
145 0.8819444444444444 0.5069444444444444 0.09027777777777778 0.09027777777777778 
129 0.7638888888888888 0.24305555555555555 0.09027777777777778 0.09027777777777778 
25 0.9305555555555556 0.1701388888888889 0.09027777777777778 0.09027777777777778 
17 0.7638888888888888 0.0625 0.09027777777777778 0.09027777777777778 
82 0.9375 0.5868055555555556 0.09027777777777778 0.09027777777777778 
41 0.0763888888888889 0.9444444444444444 0.09027777777777778 0.09027777777777778 
