41 0.3194444444444444 0.7673611111111112 0.09027777777777778 0.09027777777777778 
1 0.5138888888888888 0.6736111111111112 0.09027777777777778 0.09027777777777778 
76 0.8854166666666666 0.6770833333333334 0.09027777777777778 0.09027777777777778 
64 0.4791666666666667 0.7604166666666666 0.09027777777777778 0.09027777777777778 
105 0.90625 0.11805555555555555 0.09027777777777778 0.09027777777777778 
34 0.8368055555555556 0.9409722222222222 0.09027777777777778 0.09027777777777778 
29 0.0798611111111111 0.5 0.09027777777777778 0.09027777777777778 
86 0.4131944444444444 0.06597222222222222 0.09027777777777778 0.09027777777777778 
46 0.18055555555555555 0.5902777777777778 0.09027777777777778 0.09027777777777778 
56 0.21875 0.9409722222222222 0.09027777777777778 0.09027777777777778 
