5 0.13541666666666666 0.8472222222222222 0.09027777777777778 0.09027777777777778 
115 0.3020833333333333 0.3055555555555556 0.09027777777777778 0.09027777777777778 
113 0.08680555555555555 0.7291666666666666 0.09027777777777778 0.09027777777777778 
60 0.8645833333333334 0.15625 0.09027777777777778 0.09027777777777778 
21 0.4652777777777778 0.5381944444444444 0.09027777777777778 0.09027777777777778 
143 0.1840277777777778 0.21875 0.09027777777777778 0.09027777777777778 
150 0.9201388888888888 0.9375 0.09027777777777778 0.09027777777777778 
93 0.9444444444444444 0.2534722222222222 0.09027777777777778 0.09027777777777778 
148 0.3993055555555556 0.8993055555555556 0.09027777777777778 0.09027777777777778 
34 0.2361111111111111 0.04861111111111111 0.09027777777777778 0.09027777777777778 
