145 0.3854166666666667 0.125 0.09027777777777778 0.09027777777777778 
96 0.7083333333333334 0.3472222222222222 0.09027777777777778 0.09027777777777778 
44 0.5 0.4895833333333333 0.09027777777777778 0.09027777777777778 
122 0.78125 0.7638888888888888 0.09027777777777778 0.09027777777777778 
40 0.7951388888888888 0.2777777777777778 0.09027777777777778 0.09027777777777778 
96 0.14930555555555555 0.9444444444444444 0.09027777777777778 0.09027777777777778 
63 0.2048611111111111 0.2222222222222222 0.09027777777777778 0.09027777777777778 
127 0.8159722222222222 0.7152777777777778 0.09027777777777778 0.09027777777777778 
11 0.3090277777777778 0.4131944444444444 0.09027777777777778 0.09027777777777778 
46 0.3576388888888889 0.8090277777777778 0.09027777777777778 0.09027777777777778 
