120 0.9305555555555556 0.3680555555555556 0.09027777777777778 0.09027777777777778 
3 0.9340277777777778 0.3263888888888889 0.09027777777777778 0.09027777777777778 
1 0.5868055555555556 0.9444444444444444 0.09027777777777778 0.09027777777777778 
155 0.4340277777777778 0.6770833333333334 0.09027777777777778 0.09027777777777778 
77 0.5729166666666666 0.7534722222222222 0.09027777777777778 0.09027777777777778 
143 0.1701388888888889 0.3993055555555556 0.09027777777777778 0.09027777777777778 
26 0.4340277777777778 0.7326388888888888 0.09027777777777778 0.09027777777777778 
63 0.1076388888888889 0.7013888888888888 0.09027777777777778 0.09027777777777778 
144 0.5138888888888888 0.8645833333333334 0.09027777777777778 0.09027777777777778 
32 0.09027777777777778 0.8055555555555556 0.09027777777777778 0.09027777777777778 
