2 0.8159722222222222 0.2777777777777778 0.09027777777777778 0.09027777777777778 
69 0.2743055555555556 0.4236111111111111 0.09027777777777778 0.09027777777777778 
62 0.6111111111111112 0.4479166666666667 0.09027777777777778 0.09027777777777778 
104 0.9479166666666666 0.8541666666666666 0.09027777777777778 0.09027777777777778 
99 0.8993055555555556 0.3958333333333333 0.09027777777777778 0.09027777777777778 
5 0.5069444444444444 0.4861111111111111 0.09027777777777778 0.09027777777777778 
136 0.9479166666666666 0.6979166666666666 0.09027777777777778 0.09027777777777778 
33 0.3368055555555556 0.4375 0.09027777777777778 0.09027777777777778 
67 0.7743055555555556 0.2673611111111111 0.09027777777777778 0.09027777777777778 
127 0.4618055555555556 0.3993055555555556 0.09027777777777778 0.09027777777777778 
