38 0.4756944444444444 0.3506944444444444 0.09027777777777778 0.09027777777777778 
137 0.6006944444444444 0.4965277777777778 0.09027777777777778 0.09027777777777778 
7 0.9201388888888888 0.13194444444444445 0.09027777777777778 0.09027777777777778 
108 0.2777777777777778 0.22569444444444445 0.09027777777777778 0.09027777777777778 
129 0.6354166666666666 0.2326388888888889 0.09027777777777778 0.09027777777777778 
39 0.7222222222222222 0.7152777777777778 0.09027777777777778 0.09027777777777778 
147 0.4618055555555556 0.8506944444444444 0.09027777777777778 0.09027777777777778 
13 0.3645833333333333 0.4791666666666667 0.09027777777777778 0.09027777777777778 
90 0.7569444444444444 0.7951388888888888 0.09027777777777778 0.09027777777777778 
33 0.2638888888888889 0.8090277777777778 0.09027777777777778 0.09027777777777778 
