120 0.8402777777777778 0.6770833333333334 0.09027777777777778 0.09027777777777778 
129 0.3229166666666667 0.12152777777777778 0.09027777777777778 0.09027777777777778 
90 0.3402777777777778 0.8125 0.09027777777777778 0.09027777777777778 
13 0.3680555555555556 0.28125 0.09027777777777778 0.09027777777777778 
16 0.5277777777777778 0.3784722222222222 0.09027777777777778 0.09027777777777778 
30 0.3576388888888889 0.3819444444444444 0.09027777777777778 0.09027777777777778 
53 0.6458333333333334 0.4583333333333333 0.09027777777777778 0.09027777777777778 
117 0.3125 0.34375 0.09027777777777778 0.09027777777777778 
25 0.3402777777777778 0.5798611111111112 0.09027777777777778 0.09027777777777778 
123 0.7638888888888888 0.1840277777777778 0.09027777777777778 0.09027777777777778 
