93 0.9027777777777778 0.5451388888888888 0.09027777777777778 0.09027777777777778 
128 0.19791666666666666 0.8333333333333334 0.09027777777777778 0.09027777777777778 
3 0.2048611111111111 0.5555555555555556 0.09027777777777778 0.09027777777777778 
18 0.12152777777777778 0.9479166666666666 0.09027777777777778 0.09027777777777778 
57 0.1736111111111111 0.5729166666666666 0.09027777777777778 0.09027777777777778 
71 0.1076388888888889 0.1597222222222222 0.09027777777777778 0.09027777777777778 
68 0.4340277777777778 0.8194444444444444 0.09027777777777778 0.09027777777777778 
54 0.3923611111111111 0.6180555555555556 0.09027777777777778 0.09027777777777778 
137 0.2048611111111111 0.5555555555555556 0.09027777777777778 0.09027777777777778 
22 0.4479166666666667 0.7395833333333334 0.09027777777777778 0.09027777777777778 
