49 0.6180555555555556 0.22569444444444445 0.09027777777777778 0.09027777777777778 
106 0.1597222222222222 0.1875 0.09027777777777778 0.09027777777777778 
133 0.20833333333333334 0.2569444444444444 0.09027777777777778 0.09027777777777778 
125 0.8541666666666666 0.7916666666666666 0.09027777777777778 0.09027777777777778 
75 0.12152777777777778 0.5902777777777778 0.09027777777777778 0.09027777777777778 
121 0.08333333333333333 0.2638888888888889 0.09027777777777778 0.09027777777777778 
103 0.7881944444444444 0.059027777777777776 0.09027777777777778 0.09027777777777778 
56 0.6666666666666666 0.4375 0.09027777777777778 0.09027777777777778 
29 0.20833333333333334 0.4166666666666667 0.09027777777777778 0.09027777777777778 
46 0.20833333333333334 0.8263888888888888 0.09027777777777778 0.09027777777777778 
