6 0.34375 0.28125 0.09027777777777778 0.09027777777777778 
153 0.8055555555555556 0.2916666666666667 0.09027777777777778 0.09027777777777778 
59 0.8055555555555556 0.4548611111111111 0.09027777777777778 0.09027777777777778 
8 0.05555555555555555 0.1840277777777778 0.09027777777777778 0.09027777777777778 
30 0.04861111111111111 0.7361111111111112 0.09027777777777778 0.09027777777777778 
144 0.6145833333333334 0.8472222222222222 0.09027777777777778 0.09027777777777778 
157 0.4027777777777778 0.2326388888888889 0.09027777777777778 0.09027777777777778 
157 0.4722222222222222 0.5972222222222222 0.09027777777777778 0.09027777777777778 
142 0.5173611111111112 0.3888888888888889 0.09027777777777778 0.09027777777777778 
119 0.3923611111111111 0.6041666666666666 0.09027777777777778 0.09027777777777778 
