97 0.1701388888888889 0.14930555555555555 0.09027777777777778 0.09027777777777778 
1 0.4479166666666667 0.5173611111111112 0.09027777777777778 0.09027777777777778 
139 0.10069444444444445 0.1527777777777778 0.09027777777777778 0.09027777777777778 
136 0.7395833333333334 0.5104166666666666 0.09027777777777778 0.09027777777777778 
45 0.23958333333333334 0.3506944444444444 0.09027777777777778 0.09027777777777778 
26 0.2222222222222222 0.3993055555555556 0.09027777777777778 0.09027777777777778 
11 0.1840277777777778 0.6909722222222222 0.09027777777777778 0.09027777777777778 
55 0.6909722222222222 0.05555555555555555 0.09027777777777778 0.09027777777777778 
54 0.5520833333333334 0.9166666666666666 0.09027777777777778 0.09027777777777778 
156 0.9270833333333334 0.125 0.09027777777777778 0.09027777777777778 
