124 0.4201388888888889 0.6979166666666666 0.09027777777777778 0.09027777777777778 
67 0.7951388888888888 0.2326388888888889 0.09027777777777778 0.09027777777777778 
20 0.10416666666666667 0.8611111111111112 0.09027777777777778 0.09027777777777778 
2 0.052083333333333336 0.3541666666666667 0.09027777777777778 0.09027777777777778 
93 0.21180555555555555 0.5868055555555556 0.09027777777777778 0.09027777777777778 
90 0.25 0.7013888888888888 0.09027777777777778 0.09027777777777778 
118 0.16666666666666666 0.22916666666666666 0.09027777777777778 0.09027777777777778 
17 0.5486111111111112 0.9513888888888888 0.09027777777777778 0.09027777777777778 
98 0.3194444444444444 0.8645833333333334 0.09027777777777778 0.09027777777777778 
149 0.09722222222222222 0.2048611111111111 0.09027777777777778 0.09027777777777778 
