75 0.25 0.09375 0.09027777777777778 0.09027777777777778 
146 0.17708333333333334 0.1875 0.09027777777777778 0.09027777777777778 
52 0.9201388888888888 0.8333333333333334 0.09027777777777778 0.09027777777777778 
39 0.08680555555555555 0.6388888888888888 0.09027777777777778 0.09027777777777778 
56 0.3680555555555556 0.11805555555555555 0.09027777777777778 0.09027777777777778 
10 0.21875 0.2708333333333333 0.09027777777777778 0.09027777777777778 
103 0.5763888888888888 0.90625 0.09027777777777778 0.09027777777777778 
109 0.8541666666666666 0.1736111111111111 0.09027777777777778 0.09027777777777778 
59 0.375 0.53125 0.09027777777777778 0.09027777777777778 
83 0.3298611111111111 0.5069444444444444 0.09027777777777778 0.09027777777777778 
