69 0.06597222222222222 0.2916666666666667 0.09027777777777778 0.09027777777777778 
77 0.13194444444444445 0.8298611111111112 0.09027777777777778 0.09027777777777778 
57 0.5173611111111112 0.8298611111111112 0.09027777777777778 0.09027777777777778 
81 0.2569444444444444 0.3125 0.09027777777777778 0.09027777777777778 
108 0.5694444444444444 0.7534722222222222 0.09027777777777778 0.09027777777777778 
89 0.7673611111111112 0.7361111111111112 0.09027777777777778 0.09027777777777778 
119 0.5972222222222222 0.4375 0.09027777777777778 0.09027777777777778 
20 0.052083333333333336 0.7708333333333334 0.09027777777777778 0.09027777777777778 
71 0.3333333333333333 0.5763888888888888 0.09027777777777778 0.09027777777777778 
94 0.7777777777777778 0.4652777777777778 0.09027777777777778 0.09027777777777778 
