157 0.5486111111111112 0.6458333333333334 0.09027777777777778 0.09027777777777778 
22 0.8229166666666666 0.9166666666666666 0.09027777777777778 0.09027777777777778 
59 0.1909722222222222 0.22916666666666666 0.09027777777777778 0.09027777777777778 
85 0.5138888888888888 0.46875 0.09027777777777778 0.09027777777777778 
140 0.3888888888888889 0.2673611111111111 0.09027777777777778 0.09027777777777778 
67 0.7291666666666666 0.7673611111111112 0.09027777777777778 0.09027777777777778 
138 0.8159722222222222 0.3055555555555556 0.09027777777777778 0.09027777777777778 
133 0.06944444444444445 0.2847222222222222 0.09027777777777778 0.09027777777777778 
69 0.9201388888888888 0.6423611111111112 0.09027777777777778 0.09027777777777778 
1 0.5451388888888888 0.6666666666666666 0.09027777777777778 0.09027777777777778 
