45 0.21180555555555555 0.6944444444444444 0.09027777777777778 0.09027777777777778 
115 0.40625 0.90625 0.09027777777777778 0.09027777777777778 
126 0.1423611111111111 0.34375 0.09027777777777778 0.09027777777777778 
30 0.3923611111111111 0.18055555555555555 0.09027777777777778 0.09027777777777778 
112 0.09375 0.19791666666666666 0.09027777777777778 0.09027777777777778 
110 0.4583333333333333 0.4930555555555556 0.09027777777777778 0.09027777777777778 
139 0.5069444444444444 0.3784722222222222 0.09027777777777778 0.09027777777777778 
87 0.09027777777777778 0.4340277777777778 0.09027777777777778 0.09027777777777778 
87 0.7013888888888888 0.3715277777777778 0.09027777777777778 0.09027777777777778 
0 0.5208333333333334 0.7361111111111112 0.09027777777777778 0.09027777777777778 
