15 0.3680555555555556 0.4930555555555556 0.09027777777777778 0.09027777777777778 
118 0.7638888888888888 0.14930555555555555 0.09027777777777778 0.09027777777777778 
62 0.6631944444444444 0.04513888888888889 0.09027777777777778 0.09027777777777778 
52 0.6597222222222222 0.7673611111111112 0.09027777777777778 0.09027777777777778 
65 0.3020833333333333 0.2777777777777778 0.09027777777777778 0.09027777777777778 
103 0.21875 0.3125 0.09027777777777778 0.09027777777777778 
29 0.6493055555555556 0.2048611111111111 0.09027777777777778 0.09027777777777778 
117 0.46875 0.5416666666666666 0.09027777777777778 0.09027777777777778 
118 0.4618055555555556 0.46875 0.09027777777777778 0.09027777777777778 
73 0.07291666666666667 0.9479166666666666 0.09027777777777778 0.09027777777777778 
