103 0.19444444444444445 0.6631944444444444 0.09027777777777778 0.09027777777777778 
39 0.7916666666666666 0.04513888888888889 0.09027777777777778 0.09027777777777778 
55 0.6944444444444444 0.8263888888888888 0.09027777777777778 0.09027777777777778 
142 0.3263888888888889 0.4618055555555556 0.09027777777777778 0.09027777777777778 
83 0.4756944444444444 0.2777777777777778 0.09027777777777778 0.09027777777777778 
149 0.1701388888888889 0.08333333333333333 0.09027777777777778 0.09027777777777778 
122 0.4131944444444444 0.3993055555555556 0.09027777777777778 0.09027777777777778 
70 0.1840277777777778 0.625 0.09027777777777778 0.09027777777777778 
123 0.6631944444444444 0.9270833333333334 0.09027777777777778 0.09027777777777778 
146 0.4791666666666667 0.4722222222222222 0.09027777777777778 0.09027777777777778 
