102 0.4513888888888889 0.6944444444444444 0.09027777777777778 0.09027777777777778 
10 0.9479166666666666 0.13194444444444445 0.09027777777777778 0.09027777777777778 
88 0.2638888888888889 0.10416666666666667 0.09027777777777778 0.09027777777777778 
56 0.8993055555555556 0.6909722222222222 0.09027777777777778 0.09027777777777778 
94 0.4895833333333333 0.5277777777777778 0.09027777777777778 0.09027777777777778 
128 0.9548611111111112 0.3506944444444444 0.09027777777777778 0.09027777777777778 
97 0.375 0.3125 0.09027777777777778 0.09027777777777778 
155 0.6979166666666666 0.5416666666666666 0.09027777777777778 0.09027777777777778 
21 0.7048611111111112 0.53125 0.09027777777777778 0.09027777777777778 
88 0.5590277777777778 0.7118055555555556 0.09027777777777778 0.09027777777777778 
