15 0.3854166666666667 0.8506944444444444 0.09027777777777778 0.09027777777777778 
108 0.4027777777777778 0.06944444444444445 0.09027777777777778 0.09027777777777778 
140 0.16666666666666666 0.90625 0.09027777777777778 0.09027777777777778 
15 0.7708333333333334 0.4409722222222222 0.09027777777777778 0.09027777777777778 
11 0.5451388888888888 0.3263888888888889 0.09027777777777778 0.09027777777777778 
106 0.6840277777777778 0.17708333333333334 0.09027777777777778 0.09027777777777778 
7 0.3680555555555556 0.125 0.09027777777777778 0.09027777777777778 
140 0.5729166666666666 0.08680555555555555 0.09027777777777778 0.09027777777777778 
67 0.6354166666666666 0.3680555555555556 0.09027777777777778 0.09027777777777778 
60 0.2604166666666667 0.4409722222222222 0.09027777777777778 0.09027777777777778 
