73 0.09375 0.05555555555555555 0.09027777777777778 0.09027777777777778 
119 0.5798611111111112 0.4513888888888889 0.09027777777777778 0.09027777777777778 
81 0.9375 0.18055555555555555 0.09027777777777778 0.09027777777777778 
84 0.2013888888888889 0.3611111111111111 0.09027777777777778 0.09027777777777778 
76 0.9340277777777778 0.3576388888888889 0.09027777777777778 0.09027777777777778 
31 0.46875 0.2638888888888889 0.09027777777777778 0.09027777777777778 
126 0.5659722222222222 0.6770833333333334 0.09027777777777778 0.09027777777777778 
74 0.6875 0.23958333333333334 0.09027777777777778 0.09027777777777778 
149 0.375 0.5833333333333334 0.09027777777777778 0.09027777777777778 
83 0.1736111111111111 0.4722222222222222 0.09027777777777778 0.09027777777777778 
