58 0.1111111111111111 0.20833333333333334 0.09027777777777778 0.09027777777777778 
50 0.0763888888888889 0.3715277777777778 0.09027777777777778 0.09027777777777778 
118 0.11805555555555555 0.24305555555555555 0.09027777777777778 0.09027777777777778 
20 0.6354166666666666 0.4201388888888889 0.09027777777777778 0.09027777777777778 
37 0.375 0.07291666666666667 0.09027777777777778 0.09027777777777778 
67 0.4166666666666667 0.1527777777777778 0.09027777777777778 0.09027777777777778 
127 0.3680555555555556 0.2951388888888889 0.09027777777777778 0.09027777777777778 
144 0.7152777777777778 0.2326388888888889 0.09027777777777778 0.09027777777777778 
123 0.2604166666666667 0.09375 0.09027777777777778 0.09027777777777778 
111 0.9548611111111112 0.8472222222222222 0.09027777777777778 0.09027777777777778 
