45 0.3368055555555556 0.5347222222222222 0.09027777777777778 0.09027777777777778 
50 0.7361111111111112 0.6909722222222222 0.09027777777777778 0.09027777777777778 
75 0.3472222222222222 0.9513888888888888 0.09027777777777778 0.09027777777777778 
77 0.5625 0.6701388888888888 0.09027777777777778 0.09027777777777778 
49 0.2048611111111111 0.8333333333333334 0.09027777777777778 0.09027777777777778 
35 0.5277777777777778 0.059027777777777776 0.09027777777777778 0.09027777777777778 
68 0.14583333333333334 0.2777777777777778 0.09027777777777778 0.09027777777777778 
73 0.1527777777777778 0.9201388888888888 0.09027777777777778 0.09027777777777778 
38 0.4548611111111111 0.7465277777777778 0.09027777777777778 0.09027777777777778 
48 0.5590277777777778 0.2743055555555556 0.09027777777777778 0.09027777777777778 
