76 0.3055555555555556 0.375 0.09027777777777778 0.09027777777777778 
67 0.1701388888888889 0.4895833333333333 0.09027777777777778 0.09027777777777778 
2 0.7256944444444444 0.5173611111111112 0.09027777777777778 0.09027777777777778 
24 0.04513888888888889 0.2152777777777778 0.09027777777777778 0.09027777777777778 
19 0.2743055555555556 0.3368055555555556 0.09027777777777778 0.09027777777777778 
48 0.3368055555555556 0.3125 0.09027777777777778 0.09027777777777778 
78 0.8506944444444444 0.7951388888888888 0.09027777777777778 0.09027777777777778 
100 0.8402777777777778 0.7847222222222222 0.09027777777777778 0.09027777777777778 
5 0.6493055555555556 0.09027777777777778 0.09027777777777778 0.09027777777777778 
64 0.5243055555555556 0.5486111111111112 0.09027777777777778 0.09027777777777778 
