65 0.12152777777777778 0.375 0.09027777777777778 0.09027777777777778 
42 0.9027777777777778 0.9409722222222222 0.09027777777777778 0.09027777777777778 
99 0.7152777777777778 0.6423611111111112 0.09027777777777778 0.09027777777777778 
115 0.5590277777777778 0.6736111111111112 0.09027777777777778 0.09027777777777778 
27 0.875 0.9479166666666666 0.09027777777777778 0.09027777777777778 
14 0.21875 0.6770833333333334 0.09027777777777778 0.09027777777777778 
37 0.6111111111111112 0.3298611111111111 0.09027777777777778 0.09027777777777778 
72 0.4027777777777778 0.3333333333333333 0.09027777777777778 0.09027777777777778 
90 0.25 0.65625 0.09027777777777778 0.09027777777777778 
49 0.9201388888888888 0.3888888888888889 0.09027777777777778 0.09027777777777778 
