136 0.6736111111111112 0.7048611111111112 0.09027777777777778 0.09027777777777778 
33 0.09027777777777778 0.16666666666666666 0.09027777777777778 0.09027777777777778 
23 0.8611111111111112 0.4097222222222222 0.09027777777777778 0.09027777777777778 
70 0.4722222222222222 0.3194444444444444 0.09027777777777778 0.09027777777777778 
93 0.04513888888888889 0.8090277777777778 0.09027777777777778 0.09027777777777778 
96 0.46875 0.34375 0.09027777777777778 0.09027777777777778 
114 0.13541666666666666 0.6805555555555556 0.09027777777777778 0.09027777777777778 
97 0.34375 0.1423611111111111 0.09027777777777778 0.09027777777777778 
61 0.2534722222222222 0.4270833333333333 0.09027777777777778 0.09027777777777778 
151 0.4201388888888889 0.5104166666666666 0.09027777777777778 0.09027777777777778 
