55 0.5520833333333334 0.8333333333333334 0.09027777777777778 0.09027777777777778 
126 0.6458333333333334 0.21180555555555555 0.09027777777777778 0.09027777777777778 
154 0.3645833333333333 0.7951388888888888 0.09027777777777778 0.09027777777777778 
34 0.3819444444444444 0.3506944444444444 0.09027777777777778 0.09027777777777778 
26 0.3194444444444444 0.3854166666666667 0.09027777777777778 0.09027777777777778 
97 0.11458333333333333 0.7847222222222222 0.09027777777777778 0.09027777777777778 
121 0.6388888888888888 0.6631944444444444 0.09027777777777778 0.09027777777777778 
43 0.5694444444444444 0.6840277777777778 0.09027777777777778 0.09027777777777778 
21 0.7986111111111112 0.17708333333333334 0.09027777777777778 0.09027777777777778 
144 0.059027777777777776 0.9409722222222222 0.09027777777777778 0.09027777777777778 
