80 0.0763888888888889 0.3888888888888889 0.09027777777777778 0.09027777777777778 
124 0.9097222222222222 0.6875 0.09027777777777778 0.09027777777777778 
33 0.9340277777777778 0.6666666666666666 0.09027777777777778 0.09027777777777778 
14 0.0763888888888889 0.7743055555555556 0.09027777777777778 0.09027777777777778 
69 0.8055555555555556 0.6875 0.09027777777777778 0.09027777777777778 
45 0.4444444444444444 0.13194444444444445 0.09027777777777778 0.09027777777777778 
75 0.65625 0.9479166666666666 0.09027777777777778 0.09027777777777778 
154 0.6805555555555556 0.8854166666666666 0.09027777777777778 0.09027777777777778 
51 0.22916666666666666 0.6770833333333334 0.09027777777777778 0.09027777777777778 
129 0.7604166666666666 0.3090277777777778 0.09027777777777778 0.09027777777777778 
