120 0.10069444444444445 0.6458333333333334 0.09027777777777778 0.09027777777777778 
154 0.5902777777777778 0.4236111111111111 0.09027777777777778 0.09027777777777778 
50 0.2916666666666667 0.1111111111111111 0.09027777777777778 0.09027777777777778 
84 0.7465277777777778 0.5138888888888888 0.09027777777777778 0.09027777777777778 
75 0.15625 0.7708333333333334 0.09027777777777778 0.09027777777777778 
47 0.3541666666666667 0.3541666666666667 0.09027777777777778 0.09027777777777778 
25 0.2604166666666667 0.1840277777777778 0.09027777777777778 0.09027777777777778 
101 0.5138888888888888 0.4618055555555556 0.09027777777777778 0.09027777777777778 
66 0.3229166666666667 0.08333333333333333 0.09027777777777778 0.09027777777777778 
87 0.3645833333333333 0.2638888888888889 0.09027777777777778 0.09027777777777778 
