129 0.3506944444444444 0.5486111111111112 0.09027777777777778 0.09027777777777778 
42 0.2465277777777778 0.2951388888888889 0.09027777777777778 0.09027777777777778 
73 0.8020833333333334 0.7534722222222222 0.09027777777777778 0.09027777777777778 
48 0.5138888888888888 0.7743055555555556 0.09027777777777778 0.09027777777777778 
104 0.6041666666666666 0.1284722222222222 0.09027777777777778 0.09027777777777778 
31 0.3506944444444444 0.4861111111111111 0.09027777777777778 0.09027777777777778 
157 0.59375 0.19444444444444445 0.09027777777777778 0.09027777777777778 
96 0.3020833333333333 0.15625 0.09027777777777778 0.09027777777777778 
146 0.1284722222222222 0.4861111111111111 0.09027777777777778 0.09027777777777778 
87 0.13541666666666666 0.04861111111111111 0.09027777777777778 0.09027777777777778 
