5 0.8784722222222222 0.8715277777777778 0.09027777777777778 0.09027777777777778 
90 0.5034722222222222 0.53125 0.09027777777777778 0.09027777777777778 
12 0.6458333333333334 0.5729166666666666 0.09027777777777778 0.09027777777777778 
12 0.2708333333333333 0.7986111111111112 0.09027777777777778 0.09027777777777778 
53 0.5868055555555556 0.3020833333333333 0.09027777777777778 0.09027777777777778 
51 0.6180555555555556 0.3958333333333333 0.09027777777777778 0.09027777777777778 
137 0.9513888888888888 0.5208333333333334 0.09027777777777778 0.09027777777777778 
70 0.4236111111111111 0.5347222222222222 0.09027777777777778 0.09027777777777778 
129 0.09722222222222222 0.8506944444444444 0.09027777777777778 0.09027777777777778 
47 0.1284722222222222 0.3298611111111111 0.09027777777777778 0.09027777777777778 
