86 0.16319444444444445 0.4895833333333333 0.09027777777777778 0.09027777777777778 
5 0.6458333333333334 0.3958333333333333 0.09027777777777778 0.09027777777777778 
32 0.6458333333333334 0.5243055555555556 0.09027777777777778 0.09027777777777778 
130 0.10416666666666667 0.5381944444444444 0.09027777777777778 0.09027777777777778 
67 0.5833333333333334 0.7604166666666666 0.09027777777777778 0.09027777777777778 
34 0.08680555555555555 0.2916666666666667 0.09027777777777778 0.09027777777777778 
133 0.3020833333333333 0.4583333333333333 0.09027777777777778 0.09027777777777778 
71 0.5868055555555556 0.1840277777777778 0.09027777777777778 0.09027777777777778 
77 0.4027777777777778 0.53125 0.09027777777777778 0.09027777777777778 
152 0.28125 0.2534722222222222 0.09027777777777778 0.09027777777777778 
