27 0.9444444444444444 0.09722222222222222 0.09027777777777778 0.09027777777777778 
109 0.6840277777777778 0.6736111111111112 0.09027777777777778 0.09027777777777778 
25 0.9305555555555556 0.5590277777777778 0.09027777777777778 0.09027777777777778 
116 0.5902777777777778 0.4861111111111111 0.09027777777777778 0.09027777777777778 
136 0.7743055555555556 0.9375 0.09027777777777778 0.09027777777777778 
24 0.1909722222222222 0.8125 0.09027777777777778 0.09027777777777778 
31 0.19444444444444445 0.90625 0.09027777777777778 0.09027777777777778 
43 0.3611111111111111 0.8645833333333334 0.09027777777777778 0.09027777777777778 
119 0.34375 0.3229166666666667 0.09027777777777778 0.09027777777777778 
114 0.11805555555555555 0.6840277777777778 0.09027777777777778 0.09027777777777778 
