72 0.4861111111111111 0.7847222222222222 0.09027777777777778 0.09027777777777778 
22 0.16319444444444445 0.7291666666666666 0.09027777777777778 0.09027777777777778 
109 0.53125 0.6666666666666666 0.09027777777777778 0.09027777777777778 
45 0.8819444444444444 0.04513888888888889 0.09027777777777778 0.09027777777777778 
40 0.2916666666666667 0.14930555555555555 0.09027777777777778 0.09027777777777778 
129 0.6944444444444444 0.4756944444444444 0.09027777777777778 0.09027777777777778 
2 0.16319444444444445 0.1840277777777778 0.09027777777777778 0.09027777777777778 
44 0.11805555555555555 0.8159722222222222 0.09027777777777778 0.09027777777777778 
8 0.5451388888888888 0.6493055555555556 0.09027777777777778 0.09027777777777778 
16 0.3472222222222222 0.1909722222222222 0.09027777777777778 0.09027777777777778 
