31 0.5069444444444444 0.4479166666666667 0.09027777777777778 0.09027777777777778 
99 0.7569444444444444 0.7256944444444444 0.09027777777777778 0.09027777777777778 
90 0.5520833333333334 0.1736111111111111 0.09027777777777778 0.09027777777777778 
14 0.2048611111111111 0.7569444444444444 0.09027777777777778 0.09027777777777778 
52 0.7222222222222222 0.4270833333333333 0.09027777777777778 0.09027777777777778 
103 0.3506944444444444 0.5798611111111112 0.09027777777777778 0.09027777777777778 
147 0.3888888888888889 0.71875 0.09027777777777778 0.09027777777777778 
6 0.10069444444444445 0.4131944444444444 0.09027777777777778 0.09027777777777778 
21 0.6354166666666666 0.059027777777777776 0.09027777777777778 0.09027777777777778 
12 0.6458333333333334 0.7291666666666666 0.09027777777777778 0.09027777777777778 
