60 0.6319444444444444 0.8611111111111112 0.09027777777777778 0.09027777777777778 
68 0.08680555555555555 0.6527777777777778 0.09027777777777778 0.09027777777777778 
10 0.1701388888888889 0.17708333333333334 0.09027777777777778 0.09027777777777778 
102 0.3888888888888889 0.3993055555555556 0.09027777777777778 0.09027777777777778 
115 0.4513888888888889 0.5659722222222222 0.09027777777777778 0.09027777777777778 
17 0.6111111111111112 0.2222222222222222 0.09027777777777778 0.09027777777777778 
148 0.7777777777777778 0.9479166666666666 0.09027777777777778 0.09027777777777778 
72 0.8263888888888888 0.5416666666666666 0.09027777777777778 0.09027777777777778 
95 0.7673611111111112 0.5034722222222222 0.09027777777777778 0.09027777777777778 
78 0.1840277777777778 0.4930555555555556 0.09027777777777778 0.09027777777777778 
