82 0.6006944444444444 0.7708333333333334 0.09027777777777778 0.09027777777777778 
148 0.10416666666666667 0.5798611111111112 0.09027777777777778 0.09027777777777778 
110 0.22569444444444445 0.1840277777777778 0.09027777777777778 0.09027777777777778 
36 0.9236111111111112 0.7569444444444444 0.09027777777777778 0.09027777777777778 
28 0.2638888888888889 0.7951388888888888 0.09027777777777778 0.09027777777777778 
108 0.8784722222222222 0.04861111111111111 0.09027777777777778 0.09027777777777778 
114 0.65625 0.2638888888888889 0.09027777777777778 0.09027777777777778 
79 0.4340277777777778 0.0625 0.09027777777777778 0.09027777777777778 
87 0.2951388888888889 0.1840277777777778 0.09027777777777778 0.09027777777777778 
47 0.9270833333333334 0.16666666666666666 0.09027777777777778 0.09027777777777778 
