120 0.6875 0.4756944444444444 0.09027777777777778 0.09027777777777778 
145 0.07291666666666667 0.8923611111111112 0.09027777777777778 0.09027777777777778 
50 0.04513888888888889 0.7743055555555556 0.09027777777777778 0.09027777777777778 
145 0.5173611111111112 0.5555555555555556 0.09027777777777778 0.09027777777777778 
66 0.7986111111111112 0.1111111111111111 0.09027777777777778 0.09027777777777778 
28 0.5833333333333334 0.2604166666666667 0.09027777777777778 0.09027777777777778 
92 0.2013888888888889 0.4548611111111111 0.09027777777777778 0.09027777777777778 
156 0.5798611111111112 0.9270833333333334 0.09027777777777778 0.09027777777777778 
89 0.4583333333333333 0.28125 0.09027777777777778 0.09027777777777778 
107 0.7326388888888888 0.375 0.09027777777777778 0.09027777777777778 
