72 0.7604166666666666 0.3993055555555556 0.09027777777777778 0.09027777777777778 
125 0.052083333333333336 0.59375 0.09027777777777778 0.09027777777777778 
92 0.14583333333333334 0.8680555555555556 0.09027777777777778 0.09027777777777778 
94 0.4166666666666667 0.9201388888888888 0.09027777777777778 0.09027777777777778 
37 0.1111111111111111 0.10416666666666667 0.09027777777777778 0.09027777777777778 
124 0.90625 0.7256944444444444 0.09027777777777778 0.09027777777777778 
43 0.3611111111111111 0.6493055555555556 0.09027777777777778 0.09027777777777778 
48 0.8819444444444444 0.8506944444444444 0.09027777777777778 0.09027777777777778 
33 0.19791666666666666 0.8923611111111112 0.09027777777777778 0.09027777777777778 
43 0.6284722222222222 0.46875 0.09027777777777778 0.09027777777777778 
