104 0.6215277777777778 0.8090277777777778 0.09027777777777778 0.09027777777777778 
53 0.2708333333333333 0.6076388888888888 0.09027777777777778 0.09027777777777778 
35 0.5625 0.9444444444444444 0.09027777777777778 0.09027777777777778 
11 0.16319444444444445 0.2569444444444444 0.09027777777777778 0.09027777777777778 
66 0.6944444444444444 0.16319444444444445 0.09027777777777778 0.09027777777777778 
137 0.6631944444444444 0.2951388888888889 0.09027777777777778 0.09027777777777778 
27 0.6944444444444444 0.8611111111111112 0.09027777777777778 0.09027777777777778 
60 0.4513888888888889 0.13194444444444445 0.09027777777777778 0.09027777777777778 
103 0.6215277777777778 0.2847222222222222 0.09027777777777778 0.09027777777777778 
86 0.0763888888888889 0.14930555555555555 0.09027777777777778 0.09027777777777778 
