32 0.8298611111111112 0.14930555555555555 0.09027777777777778 0.09027777777777778 
15 0.7152777777777778 0.8888888888888888 0.09027777777777778 0.09027777777777778 
129 0.2534722222222222 0.6840277777777778 0.09027777777777778 0.09027777777777778 
40 0.2013888888888889 0.59375 0.09027777777777778 0.09027777777777778 
135 0.8645833333333334 0.06944444444444445 0.09027777777777778 0.09027777777777778 
119 0.2638888888888889 0.8576388888888888 0.09027777777777778 0.09027777777777778 
64 0.8368055555555556 0.2743055555555556 0.09027777777777778 0.09027777777777778 
139 0.2048611111111111 0.8472222222222222 0.09027777777777778 0.09027777777777778 
154 0.3472222222222222 0.6909722222222222 0.09027777777777778 0.09027777777777778 
44 0.8611111111111112 0.25 0.09027777777777778 0.09027777777777778 
