131 0.6319444444444444 0.2638888888888889 0.09027777777777778 0.09027777777777778 
146 0.4618055555555556 0.3333333333333333 0.09027777777777778 0.09027777777777778 
53 0.1076388888888889 0.9201388888888888 0.09027777777777778 0.09027777777777778 
88 0.1701388888888889 0.4722222222222222 0.09027777777777778 0.09027777777777778 
140 0.6770833333333334 0.19444444444444445 0.09027777777777778 0.09027777777777778 
39 0.059027777777777776 0.4097222222222222 0.09027777777777778 0.09027777777777778 
12 0.06597222222222222 0.6701388888888888 0.09027777777777778 0.09027777777777778 
58 0.2777777777777778 0.0625 0.09027777777777778 0.09027777777777778 
4 0.16666666666666666 0.8819444444444444 0.09027777777777778 0.09027777777777778 
8 0.8506944444444444 0.21875 0.09027777777777778 0.09027777777777778 
