25 0.8680555555555556 0.5625 0.09027777777777778 0.09027777777777778 
16 0.4131944444444444 0.6840277777777778 0.09027777777777778 0.09027777777777778 
114 0.6388888888888888 0.5277777777777778 0.09027777777777778 0.09027777777777778 
138 0.9479166666666666 0.6875 0.09027777777777778 0.09027777777777778 
129 0.9444444444444444 0.78125 0.09027777777777778 0.09027777777777778 
123 0.8645833333333334 0.7222222222222222 0.09027777777777778 0.09027777777777778 
147 0.6006944444444444 0.6701388888888888 0.09027777777777778 0.09027777777777778 
157 0.8611111111111112 0.2777777777777778 0.09027777777777778 0.09027777777777778 
117 0.6145833333333334 0.2916666666666667 0.09027777777777778 0.09027777777777778 
24 0.7951388888888888 0.1701388888888889 0.09027777777777778 0.09027777777777778 
