57 0.7777777777777778 0.4444444444444444 0.09027777777777778 0.09027777777777778 
148 0.3472222222222222 0.3541666666666667 0.09027777777777778 0.09027777777777778 
4 0.6041666666666666 0.1736111111111111 0.09027777777777778 0.09027777777777778 
28 0.04861111111111111 0.6319444444444444 0.09027777777777778 0.09027777777777778 
28 0.34375 0.4270833333333333 0.09027777777777778 0.09027777777777778 
107 0.3506944444444444 0.2013888888888889 0.09027777777777778 0.09027777777777778 
55 0.10069444444444445 0.3611111111111111 0.09027777777777778 0.09027777777777778 
135 0.5138888888888888 0.78125 0.09027777777777778 0.09027777777777778 
14 0.2013888888888889 0.4618055555555556 0.09027777777777778 0.09027777777777778 
156 0.1909722222222222 0.0763888888888889 0.09027777777777778 0.09027777777777778 
