21 0.3472222222222222 0.40625 0.09027777777777778 0.09027777777777778 
34 0.9340277777777778 0.3680555555555556 0.09027777777777778 0.09027777777777778 
135 0.4027777777777778 0.6076388888888888 0.09027777777777778 0.09027777777777778 
35 0.4826388888888889 0.06597222222222222 0.09027777777777778 0.09027777777777778 
129 0.1736111111111111 0.2777777777777778 0.09027777777777778 0.09027777777777778 
39 0.5625 0.1701388888888889 0.09027777777777778 0.09027777777777778 
67 0.6597222222222222 0.1597222222222222 0.09027777777777778 0.09027777777777778 
45 0.1111111111111111 0.6666666666666666 0.09027777777777778 0.09027777777777778 
14 0.4340277777777778 0.7708333333333334 0.09027777777777778 0.09027777777777778 
84 0.2152777777777778 0.4305555555555556 0.09027777777777778 0.09027777777777778 
