139 0.7222222222222222 0.3125 0.09027777777777778 0.09027777777777778 
115 0.8368055555555556 0.4375 0.09027777777777778 0.09027777777777778 
68 0.3055555555555556 0.4097222222222222 0.09027777777777778 0.09027777777777778 
23 0.9513888888888888 0.7916666666666666 0.09027777777777778 0.09027777777777778 
90 0.7673611111111112 0.7534722222222222 0.09027777777777778 0.09027777777777778 
17 0.2326388888888889 0.2326388888888889 0.09027777777777778 0.09027777777777778 
67 0.3680555555555556 0.5451388888888888 0.09027777777777778 0.09027777777777778 
147 0.07291666666666667 0.2569444444444444 0.09027777777777778 0.09027777777777778 
40 0.0798611111111111 0.17708333333333334 0.09027777777777778 0.09027777777777778 
64 0.7708333333333334 0.71875 0.09027777777777778 0.09027777777777778 
