136 0.8680555555555556 0.3298611111111111 0.09027777777777778 0.09027777777777778 
18 0.13194444444444445 0.5173611111111112 0.09027777777777778 0.09027777777777778 
76 0.8472222222222222 0.7222222222222222 0.09027777777777778 0.09027777777777778 
102 0.8402777777777778 0.9236111111111112 0.09027777777777778 0.09027777777777778 
54 0.12152777777777778 0.16319444444444445 0.09027777777777778 0.09027777777777778 
30 0.6111111111111112 0.3854166666666667 0.09027777777777778 0.09027777777777778 
51 0.0625 0.7118055555555556 0.09027777777777778 0.09027777777777778 
155 0.4965277777777778 0.2534722222222222 0.09027777777777778 0.09027777777777778 
92 0.8680555555555556 0.5451388888888888 0.09027777777777778 0.09027777777777778 
37 0.13194444444444445 0.6458333333333334 0.09027777777777778 0.09027777777777778 
