43 0.8819444444444444 0.9513888888888888 0.09027777777777778 0.09027777777777778 
97 0.5625 0.2534722222222222 0.09027777777777778 0.09027777777777778 
18 0.4930555555555556 0.5798611111111112 0.09027777777777778 0.09027777777777778 
145 0.6145833333333334 0.9548611111111112 0.09027777777777778 0.09027777777777778 
137 0.1875 0.07291666666666667 0.09027777777777778 0.09027777777777778 
25 0.08333333333333333 0.4930555555555556 0.09027777777777778 0.09027777777777778 
144 0.6736111111111112 0.059027777777777776 0.09027777777777778 0.09027777777777778 
92 0.13541666666666666 0.4131944444444444 0.09027777777777778 0.09027777777777778 
83 0.8472222222222222 0.625 0.09027777777777778 0.09027777777777778 
83 0.7777777777777778 0.2465277777777778 0.09027777777777778 0.09027777777777778 
