40 0.7118055555555556 0.3298611111111111 0.09027777777777778 0.09027777777777778 
10 0.2638888888888889 0.16319444444444445 0.09027777777777778 0.09027777777777778 
2 0.10416666666666667 0.8125 0.09027777777777778 0.09027777777777778 
131 0.18055555555555555 0.1736111111111111 0.09027777777777778 0.09027777777777778 
36 0.3958333333333333 0.4895833333333333 0.09027777777777778 0.09027777777777778 
78 0.13541666666666666 0.8506944444444444 0.09027777777777778 0.09027777777777778 
44 0.4027777777777778 0.8194444444444444 0.09027777777777778 0.09027777777777778 
40 0.78125 0.2222222222222222 0.09027777777777778 0.09027777777777778 
103 0.1875 0.09722222222222222 0.09027777777777778 0.09027777777777778 
15 0.59375 0.3125 0.09027777777777778 0.09027777777777778 
