45 0.8888888888888888 0.22569444444444445 0.09027777777777778 0.09027777777777778 
145 0.8298611111111112 0.7083333333333334 0.09027777777777778 0.09027777777777778 
142 0.5173611111111112 0.4965277777777778 0.09027777777777778 0.09027777777777778 
129 0.7986111111111112 0.6805555555555556 0.09027777777777778 0.09027777777777778 
13 0.05555555555555555 0.1423611111111111 0.09027777777777778 0.09027777777777778 
1 0.4895833333333333 0.5868055555555556 0.09027777777777778 0.09027777777777778 
123 0.2638888888888889 0.4236111111111111 0.09027777777777778 0.09027777777777778 
49 0.1527777777777778 0.5798611111111112 0.09027777777777778 0.09027777777777778 
45 0.8159722222222222 0.16319444444444445 0.09027777777777778 0.09027777777777778 
157 0.08333333333333333 0.5694444444444444 0.09027777777777778 0.09027777777777778 
