7 0.13194444444444445 0.4236111111111111 0.09027777777777778 0.09027777777777778 
43 0.7013888888888888 0.2152777777777778 0.09027777777777778 0.09027777777777778 
123 0.4861111111111111 0.2465277777777778 0.09027777777777778 0.09027777777777778 
130 0.5798611111111112 0.16319444444444445 0.09027777777777778 0.09027777777777778 
79 0.06597222222222222 0.2152777777777778 0.09027777777777778 0.09027777777777778 
156 0.6319444444444444 0.8194444444444444 0.09027777777777778 0.09027777777777778 
144 0.4340277777777778 0.8298611111111112 0.09027777777777778 0.09027777777777778 
13 0.07291666666666667 0.875 0.09027777777777778 0.09027777777777778 
113 0.2777777777777778 0.6805555555555556 0.09027777777777778 0.09027777777777778 
39 0.3993055555555556 0.10416666666666667 0.09027777777777778 0.09027777777777778 
