149 0.6701388888888888 0.25 0.09027777777777778 0.09027777777777778 
103 0.1875 0.28125 0.09027777777777778 0.09027777777777778 
97 0.8576388888888888 0.4270833333333333 0.09027777777777778 0.09027777777777778 
149 0.28125 0.06944444444444445 0.09027777777777778 0.09027777777777778 
50 0.9340277777777778 0.16666666666666666 0.09027777777777778 0.09027777777777778 
85 0.8715277777777778 0.5902777777777778 0.09027777777777778 0.09027777777777778 
38 0.2916666666666667 0.7638888888888888 0.09027777777777778 0.09027777777777778 
61 0.4131944444444444 0.6076388888888888 0.09027777777777778 0.09027777777777778 
106 0.4097222222222222 0.8680555555555556 0.09027777777777778 0.09027777777777778 
132 0.06944444444444445 0.2708333333333333 0.09027777777777778 0.09027777777777778 
