138 0.2708333333333333 0.10416666666666667 0.09027777777777778 0.09027777777777778 
133 0.3472222222222222 0.6944444444444444 0.09027777777777778 0.09027777777777778 
140 0.5833333333333334 0.8472222222222222 0.09027777777777778 0.09027777777777778 
109 0.2465277777777778 0.6215277777777778 0.09027777777777778 0.09027777777777778 
82 0.3333333333333333 0.2951388888888889 0.09027777777777778 0.09027777777777778 
154 0.9548611111111112 0.6145833333333334 0.09027777777777778 0.09027777777777778 
18 0.6527777777777778 0.2986111111111111 0.09027777777777778 0.09027777777777778 
72 0.3993055555555556 0.8819444444444444 0.09027777777777778 0.09027777777777778 
157 0.8090277777777778 0.5833333333333334 0.09027777777777778 0.09027777777777778 
48 0.052083333333333336 0.3680555555555556 0.09027777777777778 0.09027777777777778 
