98 0.9340277777777778 0.5416666666666666 0.09027777777777778 0.09027777777777778 
70 0.6666666666666666 0.19791666666666666 0.09027777777777778 0.09027777777777778 
103 0.1701388888888889 0.9236111111111112 0.09027777777777778 0.09027777777777778 
137 0.7777777777777778 0.8298611111111112 0.09027777777777778 0.09027777777777778 
21 0.5972222222222222 0.3506944444444444 0.09027777777777778 0.09027777777777778 
14 0.6527777777777778 0.3611111111111111 0.09027777777777778 0.09027777777777778 
78 0.5104166666666666 0.9305555555555556 0.09027777777777778 0.09027777777777778 
135 0.5729166666666666 0.5868055555555556 0.09027777777777778 0.09027777777777778 
46 0.8125 0.5520833333333334 0.09027777777777778 0.09027777777777778 
8 0.06597222222222222 0.7569444444444444 0.09027777777777778 0.09027777777777778 
