156 0.3854166666666667 0.12152777777777778 0.09027777777777778 0.09027777777777778 
108 0.3645833333333333 0.2951388888888889 0.09027777777777778 0.09027777777777778 
153 0.2638888888888889 0.3993055555555556 0.09027777777777778 0.09027777777777778 
111 0.6527777777777778 0.6319444444444444 0.09027777777777778 0.09027777777777778 
109 0.4479166666666667 0.6666666666666666 0.09027777777777778 0.09027777777777778 
67 0.8958333333333334 0.8888888888888888 0.09027777777777778 0.09027777777777778 
156 0.3229166666666667 0.8194444444444444 0.09027777777777778 0.09027777777777778 
127 0.6805555555555556 0.5451388888888888 0.09027777777777778 0.09027777777777778 
90 0.1284722222222222 0.6284722222222222 0.09027777777777778 0.09027777777777778 
49 0.059027777777777776 0.5833333333333334 0.09027777777777778 0.09027777777777778 
