19 0.4375 0.6458333333333334 0.09027777777777778 0.09027777777777778 
112 0.4652777777777778 0.7673611111111112 0.09027777777777778 0.09027777777777778 
155 0.06597222222222222 0.12152777777777778 0.09027777777777778 0.09027777777777778 
91 0.18055555555555555 0.0625 0.09027777777777778 0.09027777777777778 
143 0.5381944444444444 0.13541666666666666 0.09027777777777778 0.09027777777777778 
65 0.78125 0.4444444444444444 0.09027777777777778 0.09027777777777778 
136 0.5381944444444444 0.6805555555555556 0.09027777777777778 0.09027777777777778 
12 0.2673611111111111 0.6284722222222222 0.09027777777777778 0.09027777777777778 
54 0.84375 0.8159722222222222 0.09027777777777778 0.09027777777777778 
103 0.5694444444444444 0.4027777777777778 0.09027777777777778 0.09027777777777778 
