125 0.53125 0.13541666666666666 0.09027777777777778 0.09027777777777778 
63 0.7916666666666666 0.6597222222222222 0.09027777777777778 0.09027777777777778 
13 0.3298611111111111 0.17708333333333334 0.09027777777777778 0.09027777777777778 
3 0.19791666666666666 0.3194444444444444 0.09027777777777778 0.09027777777777778 
70 0.8055555555555556 0.84375 0.09027777777777778 0.09027777777777778 
46 0.9340277777777778 0.6180555555555556 0.09027777777777778 0.09027777777777778 
135 0.22916666666666666 0.2673611111111111 0.09027777777777778 0.09027777777777778 
46 0.8125 0.3541666666666667 0.09027777777777778 0.09027777777777778 
33 0.3229166666666667 0.5694444444444444 0.09027777777777778 0.09027777777777778 
136 0.3854166666666667 0.12152777777777778 0.09027777777777778 0.09027777777777778 
