0 0.5486111111111112 0.3854166666666667 0.09027777777777778 0.09027777777777778 
116 0.5 0.6423611111111112 0.09027777777777778 0.09027777777777778 
152 0.7569444444444444 0.9236111111111112 0.09027777777777778 0.09027777777777778 
135 0.4513888888888889 0.2152777777777778 0.09027777777777778 0.09027777777777778 
55 0.7881944444444444 0.8819444444444444 0.09027777777777778 0.09027777777777778 
148 0.84375 0.5416666666666666 0.09027777777777778 0.09027777777777778 
69 0.6666666666666666 0.3888888888888889 0.09027777777777778 0.09027777777777778 
63 0.7361111111111112 0.7465277777777778 0.09027777777777778 0.09027777777777778 
29 0.8506944444444444 0.5069444444444444 0.09027777777777778 0.09027777777777778 
93 0.5763888888888888 0.3229166666666667 0.09027777777777778 0.09027777777777778 
