136 0.19444444444444445 0.09722222222222222 0.09027777777777778 0.09027777777777778 
14 0.5555555555555556 0.1388888888888889 0.09027777777777778 0.09027777777777778 
80 0.4722222222222222 0.14930555555555555 0.09027777777777778 0.09027777777777778 
120 0.4305555555555556 0.7465277777777778 0.09027777777777778 0.09027777777777778 
150 0.8125 0.4826388888888889 0.09027777777777778 0.09027777777777778 
4 0.6875 0.8472222222222222 0.09027777777777778 0.09027777777777778 
77 0.6631944444444444 0.04513888888888889 0.09027777777777778 0.09027777777777778 
117 0.5347222222222222 0.2881944444444444 0.09027777777777778 0.09027777777777778 
92 0.6388888888888888 0.3194444444444444 0.09027777777777778 0.09027777777777778 
28 0.8715277777777778 0.8819444444444444 0.09027777777777778 0.09027777777777778 
