68 0.3229166666666667 0.40625 0.09027777777777778 0.09027777777777778 
12 0.6944444444444444 0.1909722222222222 0.09027777777777778 0.09027777777777778 
101 0.4201388888888889 0.4618055555555556 0.09027777777777778 0.09027777777777778 
80 0.8923611111111112 0.7986111111111112 0.09027777777777778 0.09027777777777778 
106 0.0625 0.6805555555555556 0.09027777777777778 0.09027777777777778 
110 0.6423611111111112 0.7986111111111112 0.09027777777777778 0.09027777777777778 
71 0.7951388888888888 0.6458333333333334 0.09027777777777778 0.09027777777777778 
153 0.6875 0.4166666666666667 0.09027777777777778 0.09027777777777778 
89 0.3020833333333333 0.46875 0.09027777777777778 0.09027777777777778 
33 0.6770833333333334 0.1388888888888889 0.09027777777777778 0.09027777777777778 
