49 0.7465277777777778 0.7395833333333334 0.09027777777777778 0.09027777777777778 
63 0.2604166666666667 0.6597222222222222 0.09027777777777778 0.09027777777777778 
115 0.09375 0.15625 0.09027777777777778 0.09027777777777778 
87 0.8333333333333334 0.1875 0.09027777777777778 0.09027777777777778 
9 0.2951388888888889 0.7395833333333334 0.09027777777777778 0.09027777777777778 
36 0.1076388888888889 0.7048611111111112 0.09027777777777778 0.09027777777777778 
40 0.19791666666666666 0.09375 0.09027777777777778 0.09027777777777778 
145 0.5416666666666666 0.4826388888888889 0.09027777777777778 0.09027777777777778 
18 0.34375 0.2916666666666667 0.09027777777777778 0.09027777777777778 
2 0.5833333333333334 0.7743055555555556 0.09027777777777778 0.09027777777777778 
