51 0.78125 0.4444444444444444 0.09027777777777778 0.09027777777777778 
18 0.7881944444444444 0.4930555555555556 0.09027777777777778 0.09027777777777778 
90 0.3784722222222222 0.8923611111111112 0.09027777777777778 0.09027777777777778 
108 0.09027777777777778 0.6284722222222222 0.09027777777777778 0.09027777777777778 
46 0.4826388888888889 0.6944444444444444 0.09027777777777778 0.09027777777777778 
54 0.90625 0.4097222222222222 0.09027777777777778 0.09027777777777778 
113 0.5659722222222222 0.5451388888888888 0.09027777777777778 0.09027777777777778 
17 0.5277777777777778 0.3645833333333333 0.09027777777777778 0.09027777777777778 
38 0.6006944444444444 0.3541666666666667 0.09027777777777778 0.09027777777777778 
118 0.19444444444444445 0.34375 0.09027777777777778 0.09027777777777778 
