67 0.4791666666666667 0.8298611111111112 0.09027777777777778 0.09027777777777778 
91 0.3298611111111111 0.7430555555555556 0.09027777777777778 0.09027777777777778 
89 0.22569444444444445 0.0763888888888889 0.09027777777777778 0.09027777777777778 
155 0.6701388888888888 0.53125 0.09027777777777778 0.09027777777777778 
24 0.3923611111111111 0.6284722222222222 0.09027777777777778 0.09027777777777778 
147 0.3854166666666667 0.78125 0.09027777777777778 0.09027777777777778 
101 0.4930555555555556 0.65625 0.09027777777777778 0.09027777777777778 
71 0.6770833333333334 0.6006944444444444 0.09027777777777778 0.09027777777777778 
125 0.7465277777777778 0.5173611111111112 0.09027777777777778 0.09027777777777778 
112 0.6944444444444444 0.7430555555555556 0.09027777777777778 0.09027777777777778 
