31 0.4375 0.2569444444444444 0.09027777777777778 0.09027777777777778 
108 0.1423611111111111 0.6631944444444444 0.09027777777777778 0.09027777777777778 
78 0.3923611111111111 0.4305555555555556 0.09027777777777778 0.09027777777777778 
108 0.4097222222222222 0.8020833333333334 0.09027777777777778 0.09027777777777778 
86 0.8715277777777778 0.059027777777777776 0.09027777777777778 0.09027777777777778 
41 0.9270833333333334 0.6736111111111112 0.09027777777777778 0.09027777777777778 
72 0.6284722222222222 0.3020833333333333 0.09027777777777778 0.09027777777777778 
107 0.2881944444444444 0.8229166666666666 0.09027777777777778 0.09027777777777778 
89 0.7048611111111112 0.4409722222222222 0.09027777777777778 0.09027777777777778 
31 0.2743055555555556 0.4513888888888889 0.09027777777777778 0.09027777777777778 
