37 0.6423611111111112 0.1701388888888889 0.09027777777777778 0.09027777777777778 
37 0.5659722222222222 0.3368055555555556 0.09027777777777778 0.09027777777777778 
151 0.4409722222222222 0.3125 0.09027777777777778 0.09027777777777778 
42 0.09375 0.7673611111111112 0.09027777777777778 0.09027777777777778 
134 0.09027777777777778 0.0798611111111111 0.09027777777777778 0.09027777777777778 
7 0.9340277777777778 0.8090277777777778 0.09027777777777778 0.09027777777777778 
60 0.9166666666666666 0.2951388888888889 0.09027777777777778 0.09027777777777778 
8 0.6041666666666666 0.9548611111111112 0.09027777777777778 0.09027777777777778 
31 0.6840277777777778 0.8888888888888888 0.09027777777777778 0.09027777777777778 
120 0.08333333333333333 0.7048611111111112 0.09027777777777778 0.09027777777777778 
