4 0.08333333333333333 0.4027777777777778 0.09027777777777778 0.09027777777777778 
133 0.05555555555555555 0.1527777777777778 0.09027777777777778 0.09027777777777778 
33 0.15625 0.2881944444444444 0.09027777777777778 0.09027777777777778 
132 0.8194444444444444 0.7951388888888888 0.09027777777777778 0.09027777777777778 
9 0.8541666666666666 0.3020833333333333 0.09027777777777778 0.09027777777777778 
136 0.8402777777777778 0.4861111111111111 0.09027777777777778 0.09027777777777778 
76 0.7326388888888888 0.7465277777777778 0.09027777777777778 0.09027777777777778 
135 0.9513888888888888 0.15625 0.09027777777777778 0.09027777777777778 
70 0.06944444444444445 0.2673611111111111 0.09027777777777778 0.09027777777777778 
114 0.3229166666666667 0.8368055555555556 0.09027777777777778 0.09027777777777778 
