44 0.2534722222222222 0.19791666666666666 0.09027777777777778 0.09027777777777778 
156 0.6284722222222222 0.6284722222222222 0.09027777777777778 0.09027777777777778 
62 0.9444444444444444 0.9166666666666666 0.09027777777777778 0.09027777777777778 
74 0.8020833333333334 0.3402777777777778 0.09027777777777778 0.09027777777777778 
14 0.7916666666666666 0.2673611111111111 0.09027777777777778 0.09027777777777778 
156 0.1076388888888889 0.5034722222222222 0.09027777777777778 0.09027777777777778 
56 0.059027777777777776 0.7604166666666666 0.09027777777777778 0.09027777777777778 
88 0.4652777777777778 0.4513888888888889 0.09027777777777778 0.09027777777777778 
39 0.5486111111111112 0.3993055555555556 0.09027777777777778 0.09027777777777778 
1 0.4756944444444444 0.6840277777777778 0.09027777777777778 0.09027777777777778 
