9 0.3263888888888889 0.04513888888888889 0.09027777777777778 0.09027777777777778 
45 0.4027777777777778 0.3472222222222222 0.09027777777777778 0.09027777777777778 
20 0.34375 0.6458333333333334 0.09027777777777778 0.09027777777777778 
42 0.8368055555555556 0.06597222222222222 0.09027777777777778 0.09027777777777778 
83 0.15625 0.6458333333333334 0.09027777777777778 0.09027777777777778 
25 0.16666666666666666 0.18055555555555555 0.09027777777777778 0.09027777777777778 
41 0.4479166666666667 0.40625 0.09027777777777778 0.09027777777777778 
118 0.5138888888888888 0.19444444444444445 0.09027777777777778 0.09027777777777778 
140 0.5451388888888888 0.6979166666666666 0.09027777777777778 0.09027777777777778 
80 0.5069444444444444 0.4166666666666667 0.09027777777777778 0.09027777777777778 
