27 0.1909722222222222 0.9513888888888888 0.09027777777777778 0.09027777777777778 
124 0.7986111111111112 0.5451388888888888 0.09027777777777778 0.09027777777777778 
20 0.06597222222222222 0.7673611111111112 0.09027777777777778 0.09027777777777778 
97 0.1388888888888889 0.8611111111111112 0.09027777777777778 0.09027777777777778 
51 0.09722222222222222 0.5034722222222222 0.09027777777777778 0.09027777777777778 
13 0.4236111111111111 0.84375 0.09027777777777778 0.09027777777777778 
147 0.7777777777777778 0.2534722222222222 0.09027777777777778 0.09027777777777778 
152 0.0798611111111111 0.7361111111111112 0.09027777777777778 0.09027777777777778 
52 0.2916666666666667 0.8715277777777778 0.09027777777777778 0.09027777777777778 
16 0.8333333333333334 0.5833333333333334 0.09027777777777778 0.09027777777777778 
