52 0.2777777777777778 0.2951388888888889 0.09027777777777778 0.09027777777777778 
45 0.6423611111111112 0.4097222222222222 0.09027777777777778 0.09027777777777778 
107 0.9548611111111112 0.625 0.09027777777777778 0.09027777777777778 
79 0.4409722222222222 0.3263888888888889 0.09027777777777778 0.09027777777777778 
100 0.6006944444444444 0.6215277777777778 0.09027777777777778 0.09027777777777778 
138 0.8784722222222222 0.4965277777777778 0.09027777777777778 0.09027777777777778 
154 0.125 0.3993055555555556 0.09027777777777778 0.09027777777777778 
149 0.5208333333333334 0.3715277777777778 0.09027777777777778 0.09027777777777778 
51 0.8923611111111112 0.7118055555555556 0.09027777777777778 0.09027777777777778 
65 0.7986111111111112 0.5972222222222222 0.09027777777777778 0.09027777777777778 
