0 0.11458333333333333 0.6319444444444444 0.09027777777777778 0.09027777777777778 
18 0.6527777777777778 0.11458333333333333 0.09027777777777778 0.09027777777777778 
27 0.2673611111111111 0.10416666666666667 0.09027777777777778 0.09027777777777778 
65 0.2013888888888889 0.3680555555555556 0.09027777777777778 0.09027777777777778 
9 0.3125 0.6111111111111112 0.09027777777777778 0.09027777777777778 
76 0.3888888888888889 0.90625 0.09027777777777778 0.09027777777777778 
112 0.3159722222222222 0.25 0.09027777777777778 0.09027777777777778 
71 0.7881944444444444 0.2951388888888889 0.09027777777777778 0.09027777777777778 
72 0.2534722222222222 0.4340277777777778 0.09027777777777778 0.09027777777777778 
154 0.6805555555555556 0.6840277777777778 0.09027777777777778 0.09027777777777778 
