117 0.3784722222222222 0.22569444444444445 0.09027777777777778 0.09027777777777778 
38 0.17708333333333334 0.6944444444444444 0.09027777777777778 0.09027777777777778 
37 0.4756944444444444 0.2604166666666667 0.09027777777777778 0.09027777777777778 
146 0.4236111111111111 0.3020833333333333 0.09027777777777778 0.09027777777777778 
58 0.7673611111111112 0.5972222222222222 0.09027777777777778 0.09027777777777778 
136 0.2604166666666667 0.9375 0.09027777777777778 0.09027777777777778 
25 0.8888888888888888 0.2777777777777778 0.09027777777777778 0.09027777777777778 
130 0.4548611111111111 0.2048611111111111 0.09027777777777778 0.09027777777777778 
23 0.3506944444444444 0.5590277777777778 0.09027777777777778 0.09027777777777778 
46 0.34375 0.6666666666666666 0.09027777777777778 0.09027777777777778 
