102 0.5798611111111112 0.7604166666666666 0.09027777777777778 0.09027777777777778 
140 0.4340277777777778 0.7743055555555556 0.09027777777777778 0.09027777777777778 
136 0.4930555555555556 0.5034722222222222 0.09027777777777778 0.09027777777777778 
26 0.11458333333333333 0.1111111111111111 0.09027777777777778 0.09027777777777778 
18 0.7326388888888888 0.7986111111111112 0.09027777777777778 0.09027777777777778 
4 0.8888888888888888 0.5069444444444444 0.09027777777777778 0.09027777777777778 
116 0.3263888888888889 0.3888888888888889 0.09027777777777778 0.09027777777777778 
57 0.0798611111111111 0.24305555555555555 0.09027777777777778 0.09027777777777778 
109 0.5381944444444444 0.3784722222222222 0.09027777777777778 0.09027777777777778 
68 0.09722222222222222 0.3993055555555556 0.09027777777777778 0.09027777777777778 
