134 0.7083333333333334 0.6805555555555556 0.09027777777777778 0.09027777777777778 
144 0.6770833333333334 0.7881944444444444 0.09027777777777778 0.09027777777777778 
16 0.4861111111111111 0.4791666666666667 0.09027777777777778 0.09027777777777778 
90 0.8020833333333334 0.5381944444444444 0.09027777777777778 0.09027777777777778 
51 0.6458333333333334 0.3229166666666667 0.09027777777777778 0.09027777777777778 
24 0.6319444444444444 0.8229166666666666 0.09027777777777778 0.09027777777777778 
122 0.2777777777777778 0.1909722222222222 0.09027777777777778 0.09027777777777778 
140 0.0798611111111111 0.14583333333333334 0.09027777777777778 0.09027777777777778 
47 0.3125 0.7638888888888888 0.09027777777777778 0.09027777777777778 
148 0.3888888888888889 0.1701388888888889 0.09027777777777778 0.09027777777777778 
