11 0.25 0.4375 0.09027777777777778 0.09027777777777778 
103 0.2777777777777778 0.3715277777777778 0.09027777777777778 0.09027777777777778 
86 0.3125 0.4131944444444444 0.09027777777777778 0.09027777777777778 
0 0.2777777777777778 0.1701388888888889 0.09027777777777778 0.09027777777777778 
116 0.5 0.10069444444444445 0.09027777777777778 0.09027777777777778 
96 0.9548611111111112 0.8333333333333334 0.09027777777777778 0.09027777777777778 
134 0.7291666666666666 0.3125 0.09027777777777778 0.09027777777777778 
8 0.06597222222222222 0.3888888888888889 0.09027777777777778 0.09027777777777778 
99 0.6840277777777778 0.4583333333333333 0.09027777777777778 0.09027777777777778 
59 0.25 0.8819444444444444 0.09027777777777778 0.09027777777777778 
