21 0.7673611111111112 0.5798611111111112 0.09027777777777778 0.09027777777777778 
113 0.9444444444444444 0.4479166666666667 0.09027777777777778 0.09027777777777778 
52 0.13541666666666666 0.13194444444444445 0.09027777777777778 0.09027777777777778 
144 0.3333333333333333 0.8194444444444444 0.09027777777777778 0.09027777777777778 
38 0.3368055555555556 0.7013888888888888 0.09027777777777778 0.09027777777777778 
86 0.3506944444444444 0.7743055555555556 0.09027777777777778 0.09027777777777778 
87 0.8541666666666666 0.9097222222222222 0.09027777777777778 0.09027777777777778 
121 0.2847222222222222 0.5138888888888888 0.09027777777777778 0.09027777777777778 
124 0.2881944444444444 0.1736111111111111 0.09027777777777778 0.09027777777777778 
128 0.5173611111111112 0.9201388888888888 0.09027777777777778 0.09027777777777778 
