112 0.4270833333333333 0.1388888888888889 0.09027777777777778 0.09027777777777778 
44 0.1388888888888889 0.6527777777777778 0.09027777777777778 0.09027777777777778 
151 0.3680555555555556 0.8055555555555556 0.09027777777777778 0.09027777777777778 
0 0.6076388888888888 0.5659722222222222 0.09027777777777778 0.09027777777777778 
133 0.9548611111111112 0.6631944444444444 0.09027777777777778 0.09027777777777778 
4 0.8020833333333334 0.6770833333333334 0.09027777777777778 0.09027777777777778 
76 0.6354166666666666 0.9027777777777778 0.09027777777777778 0.09027777777777778 
19 0.8680555555555556 0.7743055555555556 0.09027777777777778 0.09027777777777778 
11 0.1875 0.2222222222222222 0.09027777777777778 0.09027777777777778 
103 0.23958333333333334 0.5972222222222222 0.09027777777777778 0.09027777777777778 
