50 0.4375 0.53125 0.09027777777777778 0.09027777777777778 
35 0.7534722222222222 0.2326388888888889 0.09027777777777778 0.09027777777777778 
116 0.8125 0.052083333333333336 0.09027777777777778 0.09027777777777778 
0 0.4479166666666667 0.059027777777777776 0.09027777777777778 0.09027777777777778 
4 0.1736111111111111 0.7881944444444444 0.09027777777777778 0.09027777777777778 
78 0.5729166666666666 0.2013888888888889 0.09027777777777778 0.09027777777777778 
147 0.6423611111111112 0.7986111111111112 0.09027777777777778 0.09027777777777778 
88 0.06944444444444445 0.8680555555555556 0.09027777777777778 0.09027777777777778 
121 0.625 0.7118055555555556 0.09027777777777778 0.09027777777777778 
157 0.4479166666666667 0.7256944444444444 0.09027777777777778 0.09027777777777778 
