140 0.5 0.7118055555555556 0.09027777777777778 0.09027777777777778 
79 0.5416666666666666 0.4513888888888889 0.09027777777777778 0.09027777777777778 
3 0.3159722222222222 0.5069444444444444 0.09027777777777778 0.09027777777777778 
73 0.10416666666666667 0.34375 0.09027777777777778 0.09027777777777778 
35 0.6111111111111112 0.11805555555555555 0.09027777777777778 0.09027777777777778 
2 0.4444444444444444 0.25 0.09027777777777778 0.09027777777777778 
154 0.7361111111111112 0.22916666666666666 0.09027777777777778 0.09027777777777778 
54 0.6597222222222222 0.0625 0.09027777777777778 0.09027777777777778 
74 0.0798611111111111 0.9027777777777778 0.09027777777777778 0.09027777777777778 
116 0.9409722222222222 0.1909722222222222 0.09027777777777778 0.09027777777777778 
