151 0.2638888888888889 0.2048611111111111 0.09027777777777778 0.09027777777777778 
131 0.2222222222222222 0.3680555555555556 0.09027777777777778 0.09027777777777778 
57 0.7118055555555556 0.21180555555555555 0.09027777777777778 0.09027777777777778 
108 0.9548611111111112 0.4930555555555556 0.09027777777777778 0.09027777777777778 
72 0.23958333333333334 0.6631944444444444 0.09027777777777778 0.09027777777777778 
28 0.2152777777777778 0.9236111111111112 0.09027777777777778 0.09027777777777778 
134 0.75 0.4826388888888889 0.09027777777777778 0.09027777777777778 
104 0.3159722222222222 0.7152777777777778 0.09027777777777778 0.09027777777777778 
65 0.5173611111111112 0.5381944444444444 0.09027777777777778 0.09027777777777778 
108 0.06597222222222222 0.8645833333333334 0.09027777777777778 0.09027777777777778 
