30 0.8298611111111112 0.09027777777777778 0.09027777777777778 0.09027777777777778 
38 0.7118055555555556 0.6736111111111112 0.09027777777777778 0.09027777777777778 
102 0.6493055555555556 0.6840277777777778 0.09027777777777778 0.09027777777777778 
39 0.19444444444444445 0.8298611111111112 0.09027777777777778 0.09027777777777778 
87 0.4305555555555556 0.8298611111111112 0.09027777777777778 0.09027777777777778 
134 0.18055555555555555 0.5798611111111112 0.09027777777777778 0.09027777777777778 
120 0.6423611111111112 0.4270833333333333 0.09027777777777778 0.09027777777777778 
66 0.84375 0.4930555555555556 0.09027777777777778 0.09027777777777778 
110 0.75 0.4791666666666667 0.09027777777777778 0.09027777777777778 
47 0.59375 0.6631944444444444 0.09027777777777778 0.09027777777777778 
