141 0.2777777777777778 0.7395833333333334 0.09027777777777778 0.09027777777777778 
156 0.7743055555555556 0.7673611111111112 0.09027777777777778 0.09027777777777778 
91 0.2986111111111111 0.6909722222222222 0.09027777777777778 0.09027777777777778 
91 0.4618055555555556 0.8645833333333334 0.09027777777777778 0.09027777777777778 
68 0.6076388888888888 0.17708333333333334 0.09027777777777778 0.09027777777777778 
108 0.4930555555555556 0.34375 0.09027777777777778 0.09027777777777778 
58 0.2326388888888889 0.8715277777777778 0.09027777777777778 0.09027777777777778 
74 0.8715277777777778 0.8958333333333334 0.09027777777777778 0.09027777777777778 
4 0.7048611111111112 0.14930555555555555 0.09027777777777778 0.09027777777777778 
100 0.9409722222222222 0.2048611111111111 0.09027777777777778 0.09027777777777778 
