142 0.5902777777777778 0.9444444444444444 0.09027777777777778 0.09027777777777778 
53 0.4409722222222222 0.7951388888888888 0.09027777777777778 0.09027777777777778 
61 0.5138888888888888 0.65625 0.09027777777777778 0.09027777777777778 
98 0.5590277777777778 0.5451388888888888 0.09027777777777778 0.09027777777777778 
131 0.9340277777777778 0.7743055555555556 0.09027777777777778 0.09027777777777778 
133 0.7395833333333334 0.5902777777777778 0.09027777777777778 0.09027777777777778 
72 0.25 0.11458333333333333 0.09027777777777778 0.09027777777777778 
51 0.3333333333333333 0.4826388888888889 0.09027777777777778 0.09027777777777778 
142 0.7881944444444444 0.8888888888888888 0.09027777777777778 0.09027777777777778 
75 0.9340277777777778 0.6770833333333334 0.09027777777777778 0.09027777777777778 
