67 0.6701388888888888 0.4479166666666667 0.09027777777777778 0.09027777777777778 
1 0.11458333333333333 0.4548611111111111 0.09027777777777778 0.09027777777777778 
141 0.4652777777777778 0.20833333333333334 0.09027777777777778 0.09027777777777778 
112 0.6041666666666666 0.6006944444444444 0.09027777777777778 0.09027777777777778 
11 0.1284722222222222 0.7013888888888888 0.09027777777777778 0.09027777777777778 
140 0.4548611111111111 0.7951388888888888 0.09027777777777778 0.09027777777777778 
67 0.0798611111111111 0.5972222222222222 0.09027777777777778 0.09027777777777778 
50 0.9097222222222222 0.7638888888888888 0.09027777777777778 0.09027777777777778 
53 0.2604166666666667 0.3611111111111111 0.09027777777777778 0.09027777777777778 
71 0.7013888888888888 0.2847222222222222 0.09027777777777778 0.09027777777777778 
