137 0.8506944444444444 0.4652777777777778 0.09027777777777778 0.09027777777777778 
145 0.28125 0.8645833333333334 0.09027777777777778 0.09027777777777778 
112 0.46875 0.3333333333333333 0.09027777777777778 0.09027777777777778 
53 0.8715277777777778 0.2708333333333333 0.09027777777777778 0.09027777777777778 
38 0.9548611111111112 0.5173611111111112 0.09027777777777778 0.09027777777777778 
88 0.3611111111111111 0.9097222222222222 0.09027777777777778 0.09027777777777778 
9 0.09027777777777778 0.5590277777777778 0.09027777777777778 0.09027777777777778 
8 0.7013888888888888 0.1527777777777778 0.09027777777777778 0.09027777777777778 
43 0.3194444444444444 0.4618055555555556 0.09027777777777778 0.09027777777777778 
129 0.4861111111111111 0.5868055555555556 0.09027777777777778 0.09027777777777778 
