72 0.4409722222222222 0.14930555555555555 0.09027777777777778 0.09027777777777778 
57 0.13541666666666666 0.2222222222222222 0.09027777777777778 0.09027777777777778 
139 0.09027777777777778 0.6840277777777778 0.09027777777777778 0.09027777777777778 
136 0.2986111111111111 0.17708333333333334 0.09027777777777778 0.09027777777777778 
156 0.2881944444444444 0.11805555555555555 0.09027777777777778 0.09027777777777778 
139 0.18055555555555555 0.05555555555555555 0.09027777777777778 0.09027777777777778 
31 0.6111111111111112 0.1736111111111111 0.09027777777777778 0.09027777777777778 
137 0.14583333333333334 0.7013888888888888 0.09027777777777778 0.09027777777777778 
112 0.9201388888888888 0.3506944444444444 0.09027777777777778 0.09027777777777778 
47 0.2465277777777778 0.5763888888888888 0.09027777777777778 0.09027777777777778 
