58 0.4166666666666667 0.4270833333333333 0.09027777777777778 0.09027777777777778 
150 0.6527777777777778 0.9201388888888888 0.09027777777777778 0.09027777777777778 
140 0.7569444444444444 0.6909722222222222 0.09027777777777778 0.09027777777777778 
8 0.5902777777777778 0.7222222222222222 0.09027777777777778 0.09027777777777778 
60 0.6736111111111112 0.4375 0.09027777777777778 0.09027777777777778 
77 0.4513888888888889 0.65625 0.09027777777777778 0.09027777777777778 
91 0.84375 0.875 0.09027777777777778 0.09027777777777778 
43 0.23958333333333334 0.07291666666666667 0.09027777777777778 0.09027777777777778 
72 0.8541666666666666 0.7256944444444444 0.09027777777777778 0.09027777777777778 
115 0.5347222222222222 0.3923611111111111 0.09027777777777778 0.09027777777777778 
