72 0.3402777777777778 0.5729166666666666 0.09027777777777778 0.09027777777777778 
34 0.2465277777777778 0.8819444444444444 0.09027777777777778 0.09027777777777778 
134 0.5173611111111112 0.9375 0.09027777777777778 0.09027777777777778 
23 0.9201388888888888 0.10416666666666667 0.09027777777777778 0.09027777777777778 
137 0.6597222222222222 0.4027777777777778 0.09027777777777778 0.09027777777777778 
54 0.4930555555555556 0.9548611111111112 0.09027777777777778 0.09027777777777778 
143 0.3263888888888889 0.7291666666666666 0.09027777777777778 0.09027777777777778 
88 0.8229166666666666 0.78125 0.09027777777777778 0.09027777777777778 
74 0.7673611111111112 0.16666666666666666 0.09027777777777778 0.09027777777777778 
2 0.4826388888888889 0.4548611111111111 0.09027777777777778 0.09027777777777778 
