21 0.6215277777777778 0.5590277777777778 0.09027777777777778 0.09027777777777778 
60 0.7847222222222222 0.24305555555555555 0.09027777777777778 0.09027777777777778 
91 0.3715277777777778 0.8784722222222222 0.09027777777777778 0.09027777777777778 
51 0.1701388888888889 0.6354166666666666 0.09027777777777778 0.09027777777777778 
37 0.4201388888888889 0.7916666666666666 0.09027777777777778 0.09027777777777778 
32 0.1840277777777778 0.5833333333333334 0.09027777777777778 0.09027777777777778 
66 0.1701388888888889 0.8506944444444444 0.09027777777777778 0.09027777777777778 
39 0.375 0.8020833333333334 0.09027777777777778 0.09027777777777778 
143 0.6493055555555556 0.5694444444444444 0.09027777777777778 0.09027777777777778 
109 0.5555555555555556 0.6944444444444444 0.09027777777777778 0.09027777777777778 
