49 0.08680555555555555 0.3784722222222222 0.09027777777777778 0.09027777777777778 
24 0.19791666666666666 0.8402777777777778 0.09027777777777778 0.09027777777777778 
141 0.9097222222222222 0.04861111111111111 0.09027777777777778 0.09027777777777778 
86 0.059027777777777776 0.3715277777777778 0.09027777777777778 0.09027777777777778 
98 0.4652777777777778 0.1597222222222222 0.09027777777777778 0.09027777777777778 
101 0.4375 0.4444444444444444 0.09027777777777778 0.09027777777777778 
71 0.40625 0.2951388888888889 0.09027777777777778 0.09027777777777778 
84 0.9131944444444444 0.2534722222222222 0.09027777777777778 0.09027777777777778 
21 0.4583333333333333 0.059027777777777776 0.09027777777777778 0.09027777777777778 
75 0.5590277777777778 0.3263888888888889 0.09027777777777778 0.09027777777777778 
