18 0.9166666666666666 0.2638888888888889 0.09027777777777778 0.09027777777777778 
73 0.5069444444444444 0.09027777777777778 0.09027777777777778 0.09027777777777778 
47 0.8854166666666666 0.46875 0.09027777777777778 0.09027777777777778 
108 0.4444444444444444 0.2777777777777778 0.09027777777777778 0.09027777777777778 
2 0.4131944444444444 0.8472222222222222 0.09027777777777778 0.09027777777777778 
16 0.5763888888888888 0.5729166666666666 0.09027777777777778 0.09027777777777778 
141 0.2326388888888889 0.07291666666666667 0.09027777777777778 0.09027777777777778 
146 0.04513888888888889 0.7013888888888888 0.09027777777777778 0.09027777777777778 
146 0.8263888888888888 0.9548611111111112 0.09027777777777778 0.09027777777777778 
131 0.5625 0.3159722222222222 0.09027777777777778 0.09027777777777778 
