149 0.15625 0.59375 0.09027777777777778 0.09027777777777778 
119 0.8715277777777778 0.9340277777777778 0.09027777777777778 0.09027777777777778 
141 0.75 0.8159722222222222 0.09027777777777778 0.09027777777777778 
31 0.5868055555555556 0.4756944444444444 0.09027777777777778 0.09027777777777778 
127 0.71875 0.9444444444444444 0.09027777777777778 0.09027777777777778 
34 0.4548611111111111 0.6666666666666666 0.09027777777777778 0.09027777777777778 
87 0.28125 0.125 0.09027777777777778 0.09027777777777778 
43 0.3125 0.6770833333333334 0.09027777777777778 0.09027777777777778 
24 0.0625 0.2465277777777778 0.09027777777777778 0.09027777777777778 
136 0.3611111111111111 0.4236111111111111 0.09027777777777778 0.09027777777777778 
