129 0.6493055555555556 0.3645833333333333 0.09027777777777778 0.09027777777777778 
6 0.3472222222222222 0.9375 0.09027777777777778 0.09027777777777778 
52 0.5069444444444444 0.6875 0.09027777777777778 0.09027777777777778 
140 0.4895833333333333 0.2361111111111111 0.09027777777777778 0.09027777777777778 
32 0.7638888888888888 0.4965277777777778 0.09027777777777778 0.09027777777777778 
142 0.7361111111111112 0.1875 0.09027777777777778 0.09027777777777778 
130 0.75 0.7743055555555556 0.09027777777777778 0.09027777777777778 
119 0.7916666666666666 0.3090277777777778 0.09027777777777778 0.09027777777777778 
63 0.7465277777777778 0.6493055555555556 0.09027777777777778 0.09027777777777778 
154 0.7916666666666666 0.5659722222222222 0.09027777777777778 0.09027777777777778 
