17 0.7708333333333334 0.1875 0.09027777777777778 0.09027777777777778 
98 0.5381944444444444 0.3506944444444444 0.09027777777777778 0.09027777777777778 
61 0.2048611111111111 0.3125 0.09027777777777778 0.09027777777777778 
99 0.1736111111111111 0.17708333333333334 0.09027777777777778 0.09027777777777778 
57 0.8715277777777778 0.2881944444444444 0.09027777777777778 0.09027777777777778 
123 0.6284722222222222 0.3854166666666667 0.09027777777777778 0.09027777777777778 
54 0.7465277777777778 0.3541666666666667 0.09027777777777778 0.09027777777777778 
61 0.8159722222222222 0.59375 0.09027777777777778 0.09027777777777778 
91 0.5208333333333334 0.3229166666666667 0.09027777777777778 0.09027777777777778 
127 0.4548611111111111 0.5381944444444444 0.09027777777777778 0.09027777777777778 
