51 0.10069444444444445 0.5868055555555556 0.09027777777777778 0.09027777777777778 
49 0.7048611111111112 0.6770833333333334 0.09027777777777778 0.09027777777777778 
12 0.8993055555555556 0.4652777777777778 0.09027777777777778 0.09027777777777778 
57 0.18055555555555555 0.2604166666666667 0.09027777777777778 0.09027777777777778 
123 0.8194444444444444 0.8298611111111112 0.09027777777777778 0.09027777777777778 
39 0.2777777777777778 0.22916666666666666 0.09027777777777778 0.09027777777777778 
5 0.8645833333333334 0.8993055555555556 0.09027777777777778 0.09027777777777778 
2 0.0763888888888889 0.375 0.09027777777777778 0.09027777777777778 
145 0.8993055555555556 0.11458333333333333 0.09027777777777778 0.09027777777777778 
153 0.3506944444444444 0.6631944444444444 0.09027777777777778 0.09027777777777778 
