6 0.20833333333333334 0.2881944444444444 0.09027777777777778 0.09027777777777778 
131 0.84375 0.7638888888888888 0.09027777777777778 0.09027777777777778 
21 0.5625 0.6180555555555556 0.09027777777777778 0.09027777777777778 
59 0.7361111111111112 0.90625 0.09027777777777778 0.09027777777777778 
122 0.16666666666666666 0.14930555555555555 0.09027777777777778 0.09027777777777778 
99 0.9513888888888888 0.4826388888888889 0.09027777777777778 0.09027777777777778 
88 0.0798611111111111 0.08680555555555555 0.09027777777777778 0.09027777777777778 
105 0.9236111111111112 0.3958333333333333 0.09027777777777778 0.09027777777777778 
85 0.07291666666666667 0.12152777777777778 0.09027777777777778 0.09027777777777778 
105 0.59375 0.5763888888888888 0.09027777777777778 0.09027777777777778 
