154 0.3402777777777778 0.8645833333333334 0.09027777777777778 0.09027777777777778 
139 0.08680555555555555 0.2013888888888889 0.09027777777777778 0.09027777777777778 
126 0.5277777777777778 0.4375 0.09027777777777778 0.09027777777777778 
23 0.4756944444444444 0.4375 0.09027777777777778 0.09027777777777778 
39 0.6701388888888888 0.8645833333333334 0.09027777777777778 0.09027777777777778 
67 0.3506944444444444 0.3194444444444444 0.09027777777777778 0.09027777777777778 
43 0.7013888888888888 0.2847222222222222 0.09027777777777778 0.09027777777777778 
2 0.04513888888888889 0.5798611111111112 0.09027777777777778 0.09027777777777778 
153 0.2013888888888889 0.15625 0.09027777777777778 0.09027777777777778 
104 0.08680555555555555 0.7673611111111112 0.09027777777777778 0.09027777777777778 
