145 0.5694444444444444 0.1909722222222222 0.09027777777777778 0.09027777777777778 
55 0.10416666666666667 0.9513888888888888 0.09027777777777778 0.09027777777777778 
20 0.6354166666666666 0.3819444444444444 0.09027777777777778 0.09027777777777778 
59 0.6388888888888888 0.8611111111111112 0.09027777777777778 0.09027777777777778 
49 0.6111111111111112 0.53125 0.09027777777777778 0.09027777777777778 
110 0.7118055555555556 0.5590277777777778 0.09027777777777778 0.09027777777777778 
84 0.6145833333333334 0.4201388888888889 0.09027777777777778 0.09027777777777778 
137 0.8888888888888888 0.22916666666666666 0.09027777777777778 0.09027777777777778 
80 0.3854166666666667 0.6631944444444444 0.09027777777777778 0.09027777777777778 
142 0.8993055555555556 0.24305555555555555 0.09027777777777778 0.09027777777777778 
