96 0.13194444444444445 0.8159722222222222 0.09027777777777778 0.09027777777777778 
123 0.9236111111111112 0.7326388888888888 0.09027777777777778 0.09027777777777778 
72 0.07291666666666667 0.4895833333333333 0.09027777777777778 0.09027777777777778 
92 0.0625 0.875 0.09027777777777778 0.09027777777777778 
90 0.2465277777777778 0.9409722222222222 0.09027777777777778 0.09027777777777778 
51 0.4131944444444444 0.6111111111111112 0.09027777777777778 0.09027777777777778 
30 0.7013888888888888 0.4861111111111111 0.09027777777777778 0.09027777777777778 
47 0.3263888888888889 0.20833333333333334 0.09027777777777778 0.09027777777777778 
60 0.1527777777777778 0.3715277777777778 0.09027777777777778 0.09027777777777778 
103 0.3923611111111111 0.7256944444444444 0.09027777777777778 0.09027777777777778 
