154 0.4826388888888889 0.9444444444444444 0.09027777777777778 0.09027777777777778 
11 0.625 0.3368055555555556 0.09027777777777778 0.09027777777777778 
153 0.1423611111111111 0.14583333333333334 0.09027777777777778 0.09027777777777778 
24 0.9201388888888888 0.2569444444444444 0.09027777777777778 0.09027777777777778 
50 0.6076388888888888 0.8472222222222222 0.09027777777777778 0.09027777777777778 
20 0.5208333333333334 0.2916666666666667 0.09027777777777778 0.09027777777777778 
148 0.6284722222222222 0.9097222222222222 0.09027777777777778 0.09027777777777778 
17 0.9340277777777778 0.11458333333333333 0.09027777777777778 0.09027777777777778 
91 0.6458333333333334 0.3993055555555556 0.09027777777777778 0.09027777777777778 
8 0.6180555555555556 0.1388888888888889 0.09027777777777778 0.09027777777777778 
