5 0.1597222222222222 0.75 0.09027777777777778 0.09027777777777778 
20 0.4930555555555556 0.0625 0.09027777777777778 0.09027777777777778 
34 0.3402777777777778 0.11458333333333333 0.09027777777777778 0.09027777777777778 
149 0.8402777777777778 0.4548611111111111 0.09027777777777778 0.09027777777777778 
29 0.23958333333333334 0.4340277777777778 0.09027777777777778 0.09027777777777778 
109 0.2743055555555556 0.28125 0.09027777777777778 0.09027777777777778 
73 0.6666666666666666 0.6388888888888888 0.09027777777777778 0.09027777777777778 
109 0.8194444444444444 0.3229166666666667 0.09027777777777778 0.09027777777777778 
86 0.4930555555555556 0.1284722222222222 0.09027777777777778 0.09027777777777778 
64 0.7986111111111112 0.4270833333333333 0.09027777777777778 0.09027777777777778 
