32 0.8541666666666666 0.1423611111111111 0.09027777777777778 0.09027777777777778 
14 0.6701388888888888 0.9444444444444444 0.09027777777777778 0.09027777777777778 
66 0.8819444444444444 0.5347222222222222 0.09027777777777778 0.09027777777777778 
139 0.3159722222222222 0.5243055555555556 0.09027777777777778 0.09027777777777778 
2 0.8993055555555556 0.8298611111111112 0.09027777777777778 0.09027777777777778 
123 0.3506944444444444 0.13194444444444445 0.09027777777777778 0.09027777777777778 
34 0.3923611111111111 0.5104166666666666 0.09027777777777778 0.09027777777777778 
22 0.22916666666666666 0.4444444444444444 0.09027777777777778 0.09027777777777778 
56 0.8854166666666666 0.3923611111111111 0.09027777777777778 0.09027777777777778 
91 0.1840277777777778 0.1701388888888889 0.09027777777777778 0.09027777777777778 
