71 0.7256944444444444 0.4826388888888889 0.09027777777777778 0.09027777777777778 
56 0.8784722222222222 0.6180555555555556 0.09027777777777778 0.09027777777777778 
20 0.6840277777777778 0.6284722222222222 0.09027777777777778 0.09027777777777778 
17 0.5972222222222222 0.40625 0.09027777777777778 0.09027777777777778 
131 0.3020833333333333 0.3819444444444444 0.09027777777777778 0.09027777777777778 
45 0.375 0.2569444444444444 0.09027777777777778 0.09027777777777778 
47 0.06944444444444445 0.8576388888888888 0.09027777777777778 0.09027777777777778 
137 0.21875 0.8958333333333334 0.09027777777777778 0.09027777777777778 
117 0.8645833333333334 0.18055555555555555 0.09027777777777778 0.09027777777777778 
136 0.04861111111111111 0.3125 0.09027777777777778 0.09027777777777778 
