38 0.17708333333333334 0.3645833333333333 0.09027777777777778 0.09027777777777778 
154 0.7395833333333334 0.3333333333333333 0.09027777777777778 0.09027777777777778 
151 0.53125 0.9270833333333334 0.09027777777777778 0.09027777777777778 
102 0.6354166666666666 0.6388888888888888 0.09027777777777778 0.09027777777777778 
99 0.2569444444444444 0.7777777777777778 0.09027777777777778 0.09027777777777778 
60 0.9236111111111112 0.2777777777777778 0.09027777777777778 0.09027777777777778 
85 0.3541666666666667 0.2465277777777778 0.09027777777777778 0.09027777777777778 
141 0.4166666666666667 0.7256944444444444 0.09027777777777778 0.09027777777777778 
43 0.4965277777777778 0.1423611111111111 0.09027777777777778 0.09027777777777778 
15 0.7465277777777778 0.14583333333333334 0.09027777777777778 0.09027777777777778 
