93 0.14583333333333334 0.5173611111111112 0.09027777777777778 0.09027777777777778 
117 0.3576388888888889 0.09027777777777778 0.09027777777777778 0.09027777777777778 
115 0.7534722222222222 0.6909722222222222 0.09027777777777778 0.09027777777777778 
127 0.6388888888888888 0.6875 0.09027777777777778 0.09027777777777778 
86 0.7083333333333334 0.23958333333333334 0.09027777777777778 0.09027777777777778 
134 0.6111111111111112 0.14583333333333334 0.09027777777777778 0.09027777777777778 
87 0.8020833333333334 0.2777777777777778 0.09027777777777778 0.09027777777777778 
127 0.1527777777777778 0.3854166666666667 0.09027777777777778 0.09027777777777778 
121 0.7569444444444444 0.3506944444444444 0.09027777777777778 0.09027777777777778 
155 0.59375 0.9375 0.09027777777777778 0.09027777777777778 
