155 0.5520833333333334 0.2361111111111111 0.09027777777777778 0.09027777777777778 
12 0.4756944444444444 0.2465277777777778 0.09027777777777778 0.09027777777777778 
49 0.09722222222222222 0.22916666666666666 0.09027777777777778 0.09027777777777778 
134 0.5729166666666666 0.8159722222222222 0.09027777777777778 0.09027777777777778 
140 0.9131944444444444 0.6319444444444444 0.09027777777777778 0.09027777777777778 
11 0.6701388888888888 0.1909722222222222 0.09027777777777778 0.09027777777777778 
125 0.4618055555555556 0.7881944444444444 0.09027777777777778 0.09027777777777778 
84 0.05555555555555555 0.4895833333333333 0.09027777777777778 0.09027777777777778 
121 0.23958333333333334 0.25 0.09027777777777778 0.09027777777777778 
42 0.6770833333333334 0.1388888888888889 0.09027777777777778 0.09027777777777778 
