105 0.3020833333333333 0.6076388888888888 0.09027777777777778 0.09027777777777778 
1 0.07291666666666667 0.4027777777777778 0.09027777777777778 0.09027777777777778 
47 0.1284722222222222 0.2951388888888889 0.09027777777777778 0.09027777777777778 
66 0.5069444444444444 0.71875 0.09027777777777778 0.09027777777777778 
123 0.5277777777777778 0.4895833333333333 0.09027777777777778 0.09027777777777778 
150 0.5347222222222222 0.5069444444444444 0.09027777777777778 0.09027777777777778 
15 0.9340277777777778 0.15625 0.09027777777777778 0.09027777777777778 
146 0.5798611111111112 0.4930555555555556 0.09027777777777778 0.09027777777777778 
42 0.8055555555555556 0.7256944444444444 0.09027777777777778 0.09027777777777778 
37 0.7743055555555556 0.5277777777777778 0.09027777777777778 0.09027777777777778 
