79 0.6875 0.6631944444444444 0.09027777777777778 0.09027777777777778 
16 0.4027777777777778 0.2777777777777778 0.09027777777777778 0.09027777777777778 
116 0.20833333333333334 0.2638888888888889 0.09027777777777778 0.09027777777777778 
120 0.7986111111111112 0.21180555555555555 0.09027777777777778 0.09027777777777778 
141 0.3541666666666667 0.8020833333333334 0.09027777777777778 0.09027777777777778 
155 0.5451388888888888 0.2986111111111111 0.09027777777777778 0.09027777777777778 
3 0.3993055555555556 0.46875 0.09027777777777778 0.09027777777777778 
25 0.3055555555555556 0.6493055555555556 0.09027777777777778 0.09027777777777778 
137 0.75 0.06597222222222222 0.09027777777777778 0.09027777777777778 
96 0.22916666666666666 0.7256944444444444 0.09027777777777778 0.09027777777777778 
