73 0.7083333333333334 0.15625 0.09027777777777778 0.09027777777777778 
110 0.0798611111111111 0.84375 0.09027777777777778 0.09027777777777778 
130 0.06944444444444445 0.8368055555555556 0.09027777777777778 0.09027777777777778 
87 0.3368055555555556 0.4791666666666667 0.09027777777777778 0.09027777777777778 
55 0.5173611111111112 0.3159722222222222 0.09027777777777778 0.09027777777777778 
156 0.5729166666666666 0.125 0.09027777777777778 0.09027777777777778 
4 0.3333333333333333 0.2604166666666667 0.09027777777777778 0.09027777777777778 
56 0.7604166666666666 0.8368055555555556 0.09027777777777778 0.09027777777777778 
73 0.059027777777777776 0.8368055555555556 0.09027777777777778 0.09027777777777778 
156 0.9340277777777778 0.19791666666666666 0.09027777777777778 0.09027777777777778 
