30 0.4791666666666667 0.8958333333333334 0.09027777777777778 0.09027777777777778 
71 0.2986111111111111 0.71875 0.09027777777777778 0.09027777777777778 
24 0.7951388888888888 0.6319444444444444 0.09027777777777778 0.09027777777777778 
53 0.5208333333333334 0.4305555555555556 0.09027777777777778 0.09027777777777778 
147 0.7951388888888888 0.7430555555555556 0.09027777777777778 0.09027777777777778 
105 0.5104166666666666 0.28125 0.09027777777777778 0.09027777777777778 
80 0.9479166666666666 0.2048611111111111 0.09027777777777778 0.09027777777777778 
117 0.5868055555555556 0.7048611111111112 0.09027777777777778 0.09027777777777778 
21 0.2881944444444444 0.5347222222222222 0.09027777777777778 0.09027777777777778 
84 0.8055555555555556 0.3159722222222222 0.09027777777777778 0.09027777777777778 
