75 0.5173611111111112 0.2361111111111111 0.09027777777777778 0.09027777777777778 
28 0.6979166666666666 0.4236111111111111 0.09027777777777778 0.09027777777777778 
51 0.8958333333333334 0.4131944444444444 0.09027777777777778 0.09027777777777778 
50 0.6979166666666666 0.3854166666666667 0.09027777777777778 0.09027777777777778 
65 0.8194444444444444 0.3333333333333333 0.09027777777777778 0.09027777777777778 
133 0.19444444444444445 0.7847222222222222 0.09027777777777778 0.09027777777777778 
91 0.6180555555555556 0.6041666666666666 0.09027777777777778 0.09027777777777778 
59 0.8090277777777778 0.5902777777777778 0.09027777777777778 0.09027777777777778 
112 0.4895833333333333 0.4930555555555556 0.09027777777777778 0.09027777777777778 
86 0.4930555555555556 0.6944444444444444 0.09027777777777778 0.09027777777777778 
