92 0.1423611111111111 0.5277777777777778 0.09027777777777778 0.09027777777777778 
123 0.8645833333333334 0.7534722222222222 0.09027777777777778 0.09027777777777778 
114 0.5 0.7777777777777778 0.09027777777777778 0.09027777777777778 
108 0.10416666666666667 0.4131944444444444 0.09027777777777778 0.09027777777777778 
59 0.7847222222222222 0.7708333333333334 0.09027777777777778 0.09027777777777778 
52 0.04861111111111111 0.19444444444444445 0.09027777777777778 0.09027777777777778 
129 0.3194444444444444 0.2986111111111111 0.09027777777777778 0.09027777777777778 
37 0.8715277777777778 0.4097222222222222 0.09027777777777778 0.09027777777777778 
154 0.6666666666666666 0.4305555555555556 0.09027777777777778 0.09027777777777778 
0 0.5972222222222222 0.17708333333333334 0.09027777777777778 0.09027777777777778 
