126 0.2708333333333333 0.5659722222222222 0.09027777777777778 0.09027777777777778 
6 0.3645833333333333 0.3645833333333333 0.09027777777777778 0.09027777777777778 
147 0.3125 0.3159722222222222 0.09027777777777778 0.09027777777777778 
18 0.08680555555555555 0.7673611111111112 0.09027777777777778 0.09027777777777778 
99 0.5659722222222222 0.5902777777777778 0.09027777777777778 0.09027777777777778 
121 0.1597222222222222 0.11458333333333333 0.09027777777777778 0.09027777777777778 
31 0.2881944444444444 0.4444444444444444 0.09027777777777778 0.09027777777777778 
1 0.34375 0.3159722222222222 0.09027777777777778 0.09027777777777778 
89 0.22916666666666666 0.7291666666666666 0.09027777777777778 0.09027777777777778 
122 0.3541666666666667 0.8784722222222222 0.09027777777777778 0.09027777777777778 
