27 0.3993055555555556 0.7604166666666666 0.09027777777777778 0.09027777777777778 
83 0.4756944444444444 0.0625 0.09027777777777778 0.09027777777777778 
25 0.13541666666666666 0.1909722222222222 0.09027777777777778 0.09027777777777778 
53 0.2326388888888889 0.8402777777777778 0.09027777777777778 0.09027777777777778 
141 0.4722222222222222 0.71875 0.09027777777777778 0.09027777777777778 
156 0.9479166666666666 0.9513888888888888 0.09027777777777778 0.09027777777777778 
45 0.052083333333333336 0.6006944444444444 0.09027777777777778 0.09027777777777778 
48 0.2604166666666667 0.4479166666666667 0.09027777777777778 0.09027777777777778 
147 0.12152777777777778 0.8819444444444444 0.09027777777777778 0.09027777777777778 
2 0.09722222222222222 0.3298611111111111 0.09027777777777778 0.09027777777777778 
