96 0.7395833333333334 0.7256944444444444 0.09027777777777778 0.09027777777777778 
112 0.7222222222222222 0.7291666666666666 0.09027777777777778 0.09027777777777778 
11 0.1284722222222222 0.3923611111111111 0.09027777777777778 0.09027777777777778 
54 0.7395833333333334 0.8888888888888888 0.09027777777777778 0.09027777777777778 
29 0.6041666666666666 0.7118055555555556 0.09027777777777778 0.09027777777777778 
59 0.9166666666666666 0.09027777777777778 0.09027777777777778 0.09027777777777778 
124 0.4097222222222222 0.7222222222222222 0.09027777777777778 0.09027777777777778 
1 0.28125 0.875 0.09027777777777778 0.09027777777777778 
113 0.0763888888888889 0.2361111111111111 0.09027777777777778 0.09027777777777778 
52 0.4131944444444444 0.2743055555555556 0.09027777777777778 0.09027777777777778 
