120 0.3298611111111111 0.1597222222222222 0.09027777777777778 0.09027777777777778 
24 0.625 0.6527777777777778 0.09027777777777778 0.09027777777777778 
37 0.9479166666666666 0.5729166666666666 0.09027777777777778 0.09027777777777778 
104 0.3229166666666667 0.7569444444444444 0.09027777777777778 0.09027777777777778 
14 0.7118055555555556 0.8194444444444444 0.09027777777777778 0.09027777777777778 
95 0.7743055555555556 0.6354166666666666 0.09027777777777778 0.09027777777777778 
48 0.9479166666666666 0.08333333333333333 0.09027777777777778 0.09027777777777778 
68 0.4201388888888889 0.7604166666666666 0.09027777777777778 0.09027777777777778 
17 0.6215277777777778 0.3888888888888889 0.09027777777777778 0.09027777777777778 
60 0.6006944444444444 0.5763888888888888 0.09027777777777778 0.09027777777777778 
