61 0.6076388888888888 0.2465277777777778 0.09027777777777778 0.09027777777777778 
14 0.5520833333333334 0.6944444444444444 0.09027777777777778 0.09027777777777778 
21 0.4548611111111111 0.8611111111111112 0.09027777777777778 0.09027777777777778 
103 0.22916666666666666 0.09375 0.09027777777777778 0.09027777777777778 
147 0.5451388888888888 0.5729166666666666 0.09027777777777778 0.09027777777777778 
93 0.7743055555555556 0.5694444444444444 0.09027777777777778 0.09027777777777778 
64 0.8506944444444444 0.4027777777777778 0.09027777777777778 0.09027777777777778 
61 0.5868055555555556 0.6979166666666666 0.09027777777777778 0.09027777777777778 
121 0.3159722222222222 0.4479166666666667 0.09027777777777778 0.09027777777777778 
50 0.5520833333333334 0.6597222222222222 0.09027777777777778 0.09027777777777778 
