83 0.5520833333333334 0.7673611111111112 0.09027777777777778 0.09027777777777778 
112 0.6666666666666666 0.8506944444444444 0.09027777777777778 0.09027777777777778 
75 0.8055555555555556 0.9479166666666666 0.09027777777777778 0.09027777777777778 
54 0.3993055555555556 0.6076388888888888 0.09027777777777778 0.09027777777777778 
3 0.6388888888888888 0.1909722222222222 0.09027777777777778 0.09027777777777778 
108 0.1111111111111111 0.9513888888888888 0.09027777777777778 0.09027777777777778 
65 0.3020833333333333 0.4861111111111111 0.09027777777777778 0.09027777777777778 
66 0.3090277777777778 0.7291666666666666 0.09027777777777778 0.09027777777777778 
145 0.2569444444444444 0.6875 0.09027777777777778 0.09027777777777778 
123 0.4965277777777778 0.8576388888888888 0.09027777777777778 0.09027777777777778 
