95 0.8819444444444444 0.8645833333333334 0.09027777777777778 0.09027777777777778 
138 0.7951388888888888 0.53125 0.09027777777777778 0.09027777777777778 
15 0.3472222222222222 0.3055555555555556 0.09027777777777778 0.09027777777777778 
102 0.4513888888888889 0.23958333333333334 0.09027777777777778 0.09027777777777778 
131 0.5034722222222222 0.1875 0.09027777777777778 0.09027777777777778 
42 0.9548611111111112 0.11458333333333333 0.09027777777777778 0.09027777777777778 
132 0.2986111111111111 0.3159722222222222 0.09027777777777778 0.09027777777777778 
12 0.3368055555555556 0.8784722222222222 0.09027777777777778 0.09027777777777778 
141 0.5972222222222222 0.4027777777777778 0.09027777777777778 0.09027777777777778 
148 0.25 0.2152777777777778 0.09027777777777778 0.09027777777777778 
