153 0.4930555555555556 0.05555555555555555 0.09027777777777778 0.09027777777777778 
118 0.7118055555555556 0.06944444444444445 0.09027777777777778 0.09027777777777778 
55 0.5034722222222222 0.5590277777777778 0.09027777777777778 0.09027777777777778 
157 0.8680555555555556 0.6770833333333334 0.09027777777777778 0.09027777777777778 
16 0.8055555555555556 0.3680555555555556 0.09027777777777778 0.09027777777777778 
76 0.8159722222222222 0.6215277777777778 0.09027777777777778 0.09027777777777778 
31 0.7916666666666666 0.8576388888888888 0.09027777777777778 0.09027777777777778 
77 0.28125 0.4583333333333333 0.09027777777777778 0.09027777777777778 
38 0.8576388888888888 0.16666666666666666 0.09027777777777778 0.09027777777777778 
86 0.9166666666666666 0.9201388888888888 0.09027777777777778 0.09027777777777778 
