73 0.3402777777777778 0.2916666666666667 0.09027777777777778 0.09027777777777778 
117 0.5034722222222222 0.5104166666666666 0.09027777777777778 0.09027777777777778 
53 0.9097222222222222 0.7152777777777778 0.09027777777777778 0.09027777777777778 
133 0.2326388888888889 0.14583333333333334 0.09027777777777778 0.09027777777777778 
18 0.15625 0.22916666666666666 0.09027777777777778 0.09027777777777778 
16 0.5659722222222222 0.5138888888888888 0.09027777777777778 0.09027777777777778 
119 0.4548611111111111 0.1840277777777778 0.09027777777777778 0.09027777777777778 
6 0.6840277777777778 0.5729166666666666 0.09027777777777778 0.09027777777777778 
73 0.7847222222222222 0.2777777777777778 0.09027777777777778 0.09027777777777778 
98 0.2673611111111111 0.9375 0.09027777777777778 0.09027777777777778 
