131 0.3680555555555556 0.8472222222222222 0.09027777777777778 0.09027777777777778 
84 0.3125 0.0763888888888889 0.09027777777777778 0.09027777777777778 
142 0.2569444444444444 0.6944444444444444 0.09027777777777778 0.09027777777777778 
106 0.6423611111111112 0.4444444444444444 0.09027777777777778 0.09027777777777778 
89 0.9548611111111112 0.1423611111111111 0.09027777777777778 0.09027777777777778 
133 0.18055555555555555 0.4340277777777778 0.09027777777777778 0.09027777777777778 
130 0.10069444444444445 0.59375 0.09027777777777778 0.09027777777777778 
20 0.7013888888888888 0.6909722222222222 0.09027777777777778 0.09027777777777778 
78 0.3090277777777778 0.2708333333333333 0.09027777777777778 0.09027777777777778 
59 0.9548611111111112 0.75 0.09027777777777778 0.09027777777777778 
