30 0.3194444444444444 0.1388888888888889 0.09027777777777778 0.09027777777777778 
151 0.5694444444444444 0.8958333333333334 0.09027777777777778 0.09027777777777778 
24 0.53125 0.1875 0.09027777777777778 0.09027777777777778 
96 0.6527777777777778 0.3506944444444444 0.09027777777777778 0.09027777777777778 
62 0.1909722222222222 0.5590277777777778 0.09027777777777778 0.09027777777777778 
55 0.3090277777777778 0.8541666666666666 0.09027777777777778 0.09027777777777778 
26 0.2673611111111111 0.18055555555555555 0.09027777777777778 0.09027777777777778 
17 0.6215277777777778 0.5138888888888888 0.09027777777777778 0.09027777777777778 
67 0.7395833333333334 0.5416666666666666 0.09027777777777778 0.09027777777777778 
53 0.6423611111111112 0.7986111111111112 0.09027777777777778 0.09027777777777778 
