45 0.7673611111111112 0.6041666666666666 0.09027777777777778 0.09027777777777778 
14 0.052083333333333336 0.4826388888888889 0.09027777777777778 0.09027777777777778 
124 0.08680555555555555 0.23958333333333334 0.09027777777777778 0.09027777777777778 
96 0.8298611111111112 0.8680555555555556 0.09027777777777778 0.09027777777777778 
157 0.9375 0.8229166666666666 0.09027777777777778 0.09027777777777778 
102 0.21180555555555555 0.7013888888888888 0.09027777777777778 0.09027777777777778 
17 0.8229166666666666 0.5868055555555556 0.09027777777777778 0.09027777777777778 
28 0.8888888888888888 0.5173611111111112 0.09027777777777778 0.09027777777777778 
40 0.2013888888888889 0.7118055555555556 0.09027777777777778 0.09027777777777778 
151 0.4930555555555556 0.3298611111111111 0.09027777777777778 0.09027777777777778 
