150 0.24305555555555555 0.4652777777777778 0.09027777777777778 0.09027777777777778 
131 0.6770833333333334 0.14930555555555555 0.09027777777777778 0.09027777777777778 
54 0.9097222222222222 0.21180555555555555 0.09027777777777778 0.09027777777777778 
111 0.7569444444444444 0.59375 0.09027777777777778 0.09027777777777778 
140 0.1076388888888889 0.6145833333333334 0.09027777777777778 0.09027777777777778 
137 0.21180555555555555 0.3958333333333333 0.09027777777777778 0.09027777777777778 
23 0.6006944444444444 0.16319444444444445 0.09027777777777778 0.09027777777777778 
154 0.7118055555555556 0.9236111111111112 0.09027777777777778 0.09027777777777778 
101 0.3958333333333333 0.7986111111111112 0.09027777777777778 0.09027777777777778 
94 0.9409722222222222 0.3888888888888889 0.09027777777777778 0.09027777777777778 
