146 0.3194444444444444 0.5694444444444444 0.09027777777777778 0.09027777777777778 
95 0.6388888888888888 0.6215277777777778 0.09027777777777778 0.09027777777777778 
52 0.13194444444444445 0.8888888888888888 0.09027777777777778 0.09027777777777778 
1 0.5694444444444444 0.8402777777777778 0.09027777777777778 0.09027777777777778 
126 0.07291666666666667 0.7222222222222222 0.09027777777777778 0.09027777777777778 
43 0.8090277777777778 0.8854166666666666 0.09027777777777778 0.09027777777777778 
101 0.5659722222222222 0.3402777777777778 0.09027777777777778 0.09027777777777778 
122 0.5486111111111112 0.3819444444444444 0.09027777777777778 0.09027777777777778 
71 0.8229166666666666 0.9444444444444444 0.09027777777777778 0.09027777777777778 
7 0.7118055555555556 0.9166666666666666 0.09027777777777778 0.09027777777777778 
