100 0.3263888888888889 0.4895833333333333 0.09027777777777778 0.09027777777777778 
85 0.3993055555555556 0.6041666666666666 0.09027777777777778 0.09027777777777778 
87 0.3194444444444444 0.4305555555555556 0.09027777777777778 0.09027777777777778 
103 0.2986111111111111 0.2361111111111111 0.09027777777777778 0.09027777777777778 
123 0.4583333333333333 0.6631944444444444 0.09027777777777778 0.09027777777777778 
32 0.6180555555555556 0.5381944444444444 0.09027777777777778 0.09027777777777778 
112 0.7986111111111112 0.8125 0.09027777777777778 0.09027777777777778 
38 0.5833333333333334 0.1111111111111111 0.09027777777777778 0.09027777777777778 
116 0.7013888888888888 0.09027777777777778 0.09027777777777778 0.09027777777777778 
4 0.24305555555555555 0.7708333333333334 0.09027777777777778 0.09027777777777778 
