52 0.17708333333333334 0.6944444444444444 0.09027777777777778 0.09027777777777778 
113 0.8541666666666666 0.8611111111111112 0.09027777777777778 0.09027777777777778 
40 0.4479166666666667 0.23958333333333334 0.09027777777777778 0.09027777777777778 
92 0.2361111111111111 0.3229166666666667 0.09027777777777778 0.09027777777777778 
127 0.7569444444444444 0.4305555555555556 0.09027777777777778 0.09027777777777778 
37 0.59375 0.6354166666666666 0.09027777777777778 0.09027777777777778 
153 0.2534722222222222 0.6041666666666666 0.09027777777777778 0.09027777777777778 
98 0.8402777777777778 0.6493055555555556 0.09027777777777778 0.09027777777777778 
48 0.7847222222222222 0.3923611111111111 0.09027777777777778 0.09027777777777778 
25 0.5590277777777778 0.7361111111111112 0.09027777777777778 0.09027777777777778 
