112 0.6770833333333334 0.9444444444444444 0.09027777777777778 0.09027777777777778 
142 0.4652777777777778 0.84375 0.09027777777777778 0.09027777777777778 
59 0.4722222222222222 0.7881944444444444 0.09027777777777778 0.09027777777777778 
89 0.5243055555555556 0.6840277777777778 0.09027777777777778 0.09027777777777778 
96 0.4479166666666667 0.23958333333333334 0.09027777777777778 0.09027777777777778 
38 0.2152777777777778 0.4826388888888889 0.09027777777777778 0.09027777777777778 
74 0.08680555555555555 0.5763888888888888 0.09027777777777778 0.09027777777777778 
59 0.375 0.16666666666666666 0.09027777777777778 0.09027777777777778 
93 0.5486111111111112 0.7326388888888888 0.09027777777777778 0.09027777777777778 
129 0.14930555555555555 0.4444444444444444 0.09027777777777778 0.09027777777777778 
