29 0.9131944444444444 0.6597222222222222 0.09027777777777778 0.09027777777777778 
94 0.9340277777777778 0.90625 0.09027777777777778 0.09027777777777778 
107 0.8506944444444444 0.7291666666666666 0.09027777777777778 0.09027777777777778 
50 0.4618055555555556 0.7881944444444444 0.09027777777777778 0.09027777777777778 
7 0.1875 0.1423611111111111 0.09027777777777778 0.09027777777777778 
152 0.4513888888888889 0.2673611111111111 0.09027777777777778 0.09027777777777778 
137 0.07291666666666667 0.8055555555555556 0.09027777777777778 0.09027777777777778 
2 0.1840277777777778 0.4965277777777778 0.09027777777777778 0.09027777777777778 
138 0.8506944444444444 0.07291666666666667 0.09027777777777778 0.09027777777777778 
20 0.3541666666666667 0.8645833333333334 0.09027777777777778 0.09027777777777778 
