119 0.7673611111111112 0.6875 0.09027777777777778 0.09027777777777778 
102 0.5972222222222222 0.3020833333333333 0.09027777777777778 0.09027777777777778 
136 0.04861111111111111 0.6736111111111112 0.09027777777777778 0.09027777777777778 
8 0.19444444444444445 0.2534722222222222 0.09027777777777778 0.09027777777777778 
71 0.5694444444444444 0.11805555555555555 0.09027777777777778 0.09027777777777778 
84 0.6909722222222222 0.78125 0.09027777777777778 0.09027777777777778 
20 0.0798611111111111 0.8506944444444444 0.09027777777777778 0.09027777777777778 
87 0.5868055555555556 0.59375 0.09027777777777778 0.09027777777777778 
104 0.19791666666666666 0.5694444444444444 0.09027777777777778 0.09027777777777778 
65 0.7743055555555556 0.2326388888888889 0.09027777777777778 0.09027777777777778 
