12 0.17708333333333334 0.2916666666666667 0.09027777777777778 0.09027777777777778 
110 0.2673611111111111 0.34375 0.09027777777777778 0.09027777777777778 
57 0.6458333333333334 0.7916666666666666 0.09027777777777778 0.09027777777777778 
35 0.6770833333333334 0.875 0.09027777777777778 0.09027777777777778 
13 0.71875 0.2708333333333333 0.09027777777777778 0.09027777777777778 
106 0.1597222222222222 0.8020833333333334 0.09027777777777778 0.09027777777777778 
118 0.2604166666666667 0.6006944444444444 0.09027777777777778 0.09027777777777778 
86 0.3541666666666667 0.4930555555555556 0.09027777777777778 0.09027777777777778 
113 0.40625 0.16666666666666666 0.09027777777777778 0.09027777777777778 
142 0.19791666666666666 0.90625 0.09027777777777778 0.09027777777777778 
