15 0.3055555555555556 0.3958333333333333 0.09027777777777778 0.09027777777777778 
49 0.2534722222222222 0.4513888888888889 0.09027777777777778 0.09027777777777778 
70 0.7013888888888888 0.19791666666666666 0.09027777777777778 0.09027777777777778 
112 0.09722222222222222 0.9513888888888888 0.09027777777777778 0.09027777777777778 
3 0.6909722222222222 0.8368055555555556 0.09027777777777778 0.09027777777777778 
98 0.09027777777777778 0.4444444444444444 0.09027777777777778 0.09027777777777778 
19 0.9236111111111112 0.9305555555555556 0.09027777777777778 0.09027777777777778 
15 0.2777777777777778 0.3402777777777778 0.09027777777777778 0.09027777777777778 
98 0.7222222222222222 0.14583333333333334 0.09027777777777778 0.09027777777777778 
1 0.11458333333333333 0.2326388888888889 0.09027777777777778 0.09027777777777778 
