99 0.1736111111111111 0.13194444444444445 0.09027777777777778 0.09027777777777778 
100 0.09375 0.22916666666666666 0.09027777777777778 0.09027777777777778 
92 0.6458333333333334 0.5798611111111112 0.09027777777777778 0.09027777777777778 
127 0.3368055555555556 0.3368055555555556 0.09027777777777778 0.09027777777777778 
91 0.6770833333333334 0.6527777777777778 0.09027777777777778 0.09027777777777778 
117 0.2986111111111111 0.6666666666666666 0.09027777777777778 0.09027777777777778 
66 0.3333333333333333 0.10069444444444445 0.09027777777777778 0.09027777777777778 
129 0.4270833333333333 0.21180555555555555 0.09027777777777778 0.09027777777777778 
141 0.4791666666666667 0.4097222222222222 0.09027777777777778 0.09027777777777778 
107 0.5486111111111112 0.4861111111111111 0.09027777777777778 0.09027777777777778 
