55 0.4861111111111111 0.6458333333333334 0.09027777777777778 0.09027777777777778 
146 0.5972222222222222 0.6805555555555556 0.09027777777777778 0.09027777777777778 
126 0.9236111111111112 0.5208333333333334 0.09027777777777778 0.09027777777777778 
36 0.5104166666666666 0.10069444444444445 0.09027777777777778 0.09027777777777778 
41 0.6284722222222222 0.3298611111111111 0.09027777777777778 0.09027777777777778 
53 0.5694444444444444 0.4375 0.09027777777777778 0.09027777777777778 
18 0.3402777777777778 0.46875 0.09027777777777778 0.09027777777777778 
58 0.1875 0.6388888888888888 0.09027777777777778 0.09027777777777778 
127 0.3541666666666667 0.5555555555555556 0.09027777777777778 0.09027777777777778 
154 0.2534722222222222 0.5243055555555556 0.09027777777777778 0.09027777777777778 
