88 0.2222222222222222 0.7326388888888888 0.09027777777777778 0.09027777777777778 
126 0.8680555555555556 0.9270833333333334 0.09027777777777778 0.09027777777777778 
20 0.5625 0.8263888888888888 0.09027777777777778 0.09027777777777778 
101 0.1701388888888889 0.4340277777777778 0.09027777777777778 0.09027777777777778 
25 0.21875 0.6388888888888888 0.09027777777777778 0.09027777777777778 
67 0.5659722222222222 0.3506944444444444 0.09027777777777778 0.09027777777777778 
67 0.4965277777777778 0.6597222222222222 0.09027777777777778 0.09027777777777778 
19 0.7083333333333334 0.3125 0.09027777777777778 0.09027777777777778 
74 0.2465277777777778 0.25 0.09027777777777778 0.09027777777777778 
76 0.4618055555555556 0.2465277777777778 0.09027777777777778 0.09027777777777778 
