48 0.3576388888888889 0.2152777777777778 0.09027777777777778 0.09027777777777778 
61 0.3854166666666667 0.4166666666666667 0.09027777777777778 0.09027777777777778 
84 0.13194444444444445 0.6979166666666666 0.09027777777777778 0.09027777777777778 
45 0.2013888888888889 0.5277777777777778 0.09027777777777778 0.09027777777777778 
67 0.6493055555555556 0.9236111111111112 0.09027777777777778 0.09027777777777778 
27 0.9270833333333334 0.04513888888888889 0.09027777777777778 0.09027777777777778 
108 0.6145833333333334 0.5416666666666666 0.09027777777777778 0.09027777777777778 
53 0.6979166666666666 0.4270833333333333 0.09027777777777778 0.09027777777777778 
89 0.2916666666666667 0.53125 0.09027777777777778 0.09027777777777778 
79 0.8506944444444444 0.5625 0.09027777777777778 0.09027777777777778 
