34 0.1840277777777778 0.2777777777777778 0.09027777777777778 0.09027777777777778 
22 0.9270833333333334 0.7847222222222222 0.09027777777777778 0.09027777777777778 
126 0.7986111111111112 0.5138888888888888 0.09027777777777778 0.09027777777777778 
155 0.4826388888888889 0.2881944444444444 0.09027777777777778 0.09027777777777778 
94 0.3229166666666667 0.5486111111111112 0.09027777777777778 0.09027777777777778 
43 0.625 0.28125 0.09027777777777778 0.09027777777777778 
100 0.9131944444444444 0.06597222222222222 0.09027777777777778 0.09027777777777778 
106 0.1076388888888889 0.8298611111111112 0.09027777777777778 0.09027777777777778 
0 0.7465277777777778 0.1284722222222222 0.09027777777777778 0.09027777777777778 
128 0.90625 0.17708333333333334 0.09027777777777778 0.09027777777777778 
