84 0.6944444444444444 0.4930555555555556 0.09027777777777778 0.09027777777777778 
124 0.18055555555555555 0.6979166666666666 0.09027777777777778 0.09027777777777778 
22 0.3715277777777778 0.16666666666666666 0.09027777777777778 0.09027777777777778 
125 0.3402777777777778 0.9270833333333334 0.09027777777777778 0.09027777777777778 
72 0.6909722222222222 0.05555555555555555 0.09027777777777778 0.09027777777777778 
54 0.9375 0.46875 0.09027777777777778 0.09027777777777778 
126 0.14583333333333334 0.6180555555555556 0.09027777777777778 0.09027777777777778 
28 0.3506944444444444 0.3680555555555556 0.09027777777777778 0.09027777777777778 
30 0.6076388888888888 0.6875 0.09027777777777778 0.09027777777777778 
51 0.6944444444444444 0.12152777777777778 0.09027777777777778 0.09027777777777778 
