130 0.4166666666666667 0.4791666666666667 0.09027777777777778 0.09027777777777778 
27 0.7326388888888888 0.5555555555555556 0.09027777777777778 0.09027777777777778 
125 0.4895833333333333 0.5555555555555556 0.09027777777777778 0.09027777777777778 
139 0.9305555555555556 0.5833333333333334 0.09027777777777778 0.09027777777777778 
128 0.6805555555555556 0.14930555555555555 0.09027777777777778 0.09027777777777778 
139 0.8368055555555556 0.21875 0.09027777777777778 0.09027777777777778 
154 0.5416666666666666 0.2326388888888889 0.09027777777777778 0.09027777777777778 
118 0.05555555555555555 0.8854166666666666 0.09027777777777778 0.09027777777777778 
31 0.8229166666666666 0.7395833333333334 0.09027777777777778 0.09027777777777778 
96 0.8888888888888888 0.09722222222222222 0.09027777777777778 0.09027777777777778 
