0 0.5243055555555556 0.6631944444444444 0.09027777777777778 0.09027777777777778 
51 0.90625 0.1597222222222222 0.09027777777777778 0.09027777777777778 
84 0.9270833333333334 0.7118055555555556 0.09027777777777778 0.09027777777777778 
119 0.4791666666666667 0.3055555555555556 0.09027777777777778 0.09027777777777778 
53 0.625 0.9236111111111112 0.09027777777777778 0.09027777777777778 
115 0.2777777777777778 0.9131944444444444 0.09027777777777778 0.09027777777777778 
148 0.20833333333333334 0.9305555555555556 0.09027777777777778 0.09027777777777778 
149 0.4548611111111111 0.1076388888888889 0.09027777777777778 0.09027777777777778 
146 0.16319444444444445 0.4930555555555556 0.09027777777777778 0.09027777777777778 
50 0.24305555555555555 0.4791666666666667 0.09027777777777778 0.09027777777777778 
