51 0.5347222222222222 0.8576388888888888 0.09027777777777778 0.09027777777777778 
91 0.20833333333333334 0.7951388888888888 0.09027777777777778 0.09027777777777778 
103 0.3159722222222222 0.4965277777777778 0.09027777777777778 0.09027777777777778 
111 0.6493055555555556 0.11458333333333333 0.09027777777777778 0.09027777777777778 
115 0.4513888888888889 0.2881944444444444 0.09027777777777778 0.09027777777777778 
46 0.3298611111111111 0.8125 0.09027777777777778 0.09027777777777778 
67 0.3020833333333333 0.9201388888888888 0.09027777777777778 0.09027777777777778 
37 0.04861111111111111 0.2881944444444444 0.09027777777777778 0.09027777777777778 
34 0.6041666666666666 0.3055555555555556 0.09027777777777778 0.09027777777777778 
144 0.5729166666666666 0.6006944444444444 0.09027777777777778 0.09027777777777778 
