49 0.7222222222222222 0.34375 0.09027777777777778 0.09027777777777778 
99 0.2152777777777778 0.3611111111111111 0.09027777777777778 0.09027777777777778 
123 0.2708333333333333 0.5555555555555556 0.09027777777777778 0.09027777777777778 
55 0.4583333333333333 0.6875 0.09027777777777778 0.09027777777777778 
152 0.7673611111111112 0.5243055555555556 0.09027777777777778 0.09027777777777778 
86 0.08680555555555555 0.22569444444444445 0.09027777777777778 0.09027777777777778 
57 0.6944444444444444 0.22569444444444445 0.09027777777777778 0.09027777777777778 
115 0.8125 0.5729166666666666 0.09027777777777778 0.09027777777777778 
114 0.7604166666666666 0.6493055555555556 0.09027777777777778 0.09027777777777778 
141 0.7326388888888888 0.5104166666666666 0.09027777777777778 0.09027777777777778 
