58 0.05555555555555555 0.7326388888888888 0.09027777777777778 0.09027777777777778 
17 0.8888888888888888 0.25 0.09027777777777778 0.09027777777777778 
25 0.4513888888888889 0.8125 0.09027777777777778 0.09027777777777778 
105 0.6875 0.40625 0.09027777777777778 0.09027777777777778 
117 0.6840277777777778 0.19791666666666666 0.09027777777777778 0.09027777777777778 
139 0.19791666666666666 0.5590277777777778 0.09027777777777778 0.09027777777777778 
90 0.5 0.4166666666666667 0.09027777777777778 0.09027777777777778 
12 0.2569444444444444 0.14930555555555555 0.09027777777777778 0.09027777777777778 
45 0.8090277777777778 0.2638888888888889 0.09027777777777778 0.09027777777777778 
114 0.3090277777777778 0.7083333333333334 0.09027777777777778 0.09027777777777778 
