39 0.625 0.9444444444444444 0.09027777777777778 0.09027777777777778 
111 0.05555555555555555 0.6527777777777778 0.09027777777777778 0.09027777777777778 
15 0.25 0.6597222222222222 0.09027777777777778 0.09027777777777778 
118 0.7708333333333334 0.10416666666666667 0.09027777777777778 0.09027777777777778 
15 0.1388888888888889 0.3333333333333333 0.09027777777777778 0.09027777777777778 
136 0.5972222222222222 0.625 0.09027777777777778 0.09027777777777778 
94 0.10069444444444445 0.23958333333333334 0.09027777777777778 0.09027777777777778 
82 0.12152777777777778 0.0798611111111111 0.09027777777777778 0.09027777777777778 
42 0.3680555555555556 0.5138888888888888 0.09027777777777778 0.09027777777777778 
59 0.1736111111111111 0.3958333333333333 0.09027777777777778 0.09027777777777778 
