40 0.7604166666666666 0.5694444444444444 0.09027777777777778 0.09027777777777778 
71 0.1423611111111111 0.8194444444444444 0.09027777777777778 0.09027777777777778 
48 0.3368055555555556 0.65625 0.09027777777777778 0.09027777777777778 
92 0.8715277777777778 0.59375 0.09027777777777778 0.09027777777777778 
27 0.59375 0.6770833333333334 0.09027777777777778 0.09027777777777778 
24 0.9409722222222222 0.9340277777777778 0.09027777777777778 0.09027777777777778 
40 0.8541666666666666 0.2152777777777778 0.09027777777777778 0.09027777777777778 
102 0.14930555555555555 0.9270833333333334 0.09027777777777778 0.09027777777777778 
41 0.6388888888888888 0.3923611111111111 0.09027777777777778 0.09027777777777778 
136 0.2847222222222222 0.2951388888888889 0.09027777777777778 0.09027777777777778 
