118 0.17708333333333334 0.3784722222222222 0.09027777777777778 0.09027777777777778 
155 0.8854166666666666 0.75 0.09027777777777778 0.09027777777777778 
16 0.8784722222222222 0.10069444444444445 0.09027777777777778 0.09027777777777778 
101 0.4583333333333333 0.9097222222222222 0.09027777777777778 0.09027777777777778 
66 0.6458333333333334 0.7951388888888888 0.09027777777777778 0.09027777777777778 
106 0.5451388888888888 0.5069444444444444 0.09027777777777778 0.09027777777777778 
100 0.4236111111111111 0.4097222222222222 0.09027777777777778 0.09027777777777778 
130 0.3020833333333333 0.71875 0.09027777777777778 0.09027777777777778 
142 0.7916666666666666 0.7673611111111112 0.09027777777777778 0.09027777777777778 
82 0.3819444444444444 0.9340277777777778 0.09027777777777778 0.09027777777777778 
