49 0.6701388888888888 0.09027777777777778 0.09027777777777778 0.09027777777777778 
83 0.4826388888888889 0.7986111111111112 0.09027777777777778 0.09027777777777778 
92 0.2534722222222222 0.1111111111111111 0.09027777777777778 0.09027777777777778 
150 0.3090277777777778 0.7708333333333334 0.09027777777777778 0.09027777777777778 
58 0.09375 0.4236111111111111 0.09027777777777778 0.09027777777777778 
120 0.71875 0.5763888888888888 0.09027777777777778 0.09027777777777778 
150 0.6666666666666666 0.6840277777777778 0.09027777777777778 0.09027777777777778 
104 0.5555555555555556 0.5034722222222222 0.09027777777777778 0.09027777777777778 
29 0.6388888888888888 0.7951388888888888 0.09027777777777778 0.09027777777777778 
72 0.4548611111111111 0.5416666666666666 0.09027777777777778 0.09027777777777778 
