60 0.5416666666666666 0.2638888888888889 0.09027777777777778 0.09027777777777778 
139 0.9513888888888888 0.3263888888888889 0.09027777777777778 0.09027777777777778 
125 0.625 0.1736111111111111 0.09027777777777778 0.09027777777777778 
146 0.5694444444444444 0.6388888888888888 0.09027777777777778 0.09027777777777778 
56 0.7152777777777778 0.2986111111111111 0.09027777777777778 0.09027777777777778 
92 0.9201388888888888 0.4027777777777778 0.09027777777777778 0.09027777777777778 
91 0.5416666666666666 0.3159722222222222 0.09027777777777778 0.09027777777777778 
67 0.3298611111111111 0.8888888888888888 0.09027777777777778 0.09027777777777778 
139 0.6493055555555556 0.5138888888888888 0.09027777777777778 0.09027777777777778 
57 0.6111111111111112 0.15625 0.09027777777777778 0.09027777777777778 
