18 0.4236111111111111 0.4895833333333333 0.09027777777777778 0.09027777777777778 
124 0.9513888888888888 0.1875 0.09027777777777778 0.09027777777777778 
44 0.3715277777777778 0.3680555555555556 0.09027777777777778 0.09027777777777778 
141 0.6979166666666666 0.6215277777777778 0.09027777777777778 0.09027777777777778 
91 0.4965277777777778 0.5625 0.09027777777777778 0.09027777777777778 
99 0.5138888888888888 0.6944444444444444 0.09027777777777778 0.09027777777777778 
27 0.78125 0.052083333333333336 0.09027777777777778 0.09027777777777778 
82 0.4270833333333333 0.9097222222222222 0.09027777777777778 0.09027777777777778 
62 0.75 0.4756944444444444 0.09027777777777778 0.09027777777777778 
147 0.6527777777777778 0.3923611111111111 0.09027777777777778 0.09027777777777778 
