74 0.8923611111111112 0.14930555555555555 0.09027777777777778 0.09027777777777778 
108 0.04513888888888889 0.6979166666666666 0.09027777777777778 0.09027777777777778 
112 0.6180555555555556 0.6701388888888888 0.09027777777777778 0.09027777777777778 
81 0.8854166666666666 0.19444444444444445 0.09027777777777778 0.09027777777777778 
126 0.5416666666666666 0.875 0.09027777777777778 0.09027777777777778 
106 0.8958333333333334 0.4444444444444444 0.09027777777777778 0.09027777777777778 
121 0.7256944444444444 0.2916666666666667 0.09027777777777778 0.09027777777777778 
146 0.7777777777777778 0.78125 0.09027777777777778 0.09027777777777778 
156 0.1909722222222222 0.7291666666666666 0.09027777777777778 0.09027777777777778 
141 0.78125 0.7361111111111112 0.09027777777777778 0.09027777777777778 
