149 0.5034722222222222 0.1701388888888889 0.09027777777777778 0.09027777777777778 
95 0.5902777777777778 0.7673611111111112 0.09027777777777778 0.09027777777777778 
156 0.08680555555555555 0.1284722222222222 0.09027777777777778 0.09027777777777778 
41 0.09027777777777778 0.6909722222222222 0.09027777777777778 0.09027777777777778 
63 0.2986111111111111 0.1423611111111111 0.09027777777777778 0.09027777777777778 
84 0.7083333333333334 0.7847222222222222 0.09027777777777778 0.09027777777777778 
124 0.0625 0.3229166666666667 0.09027777777777778 0.09027777777777778 
148 0.2152777777777778 0.2326388888888889 0.09027777777777778 0.09027777777777778 
33 0.5694444444444444 0.08333333333333333 0.09027777777777778 0.09027777777777778 
83 0.7708333333333334 0.2013888888888889 0.09027777777777778 0.09027777777777778 
