48 0.5277777777777778 0.0798611111111111 0.09027777777777778 0.09027777777777778 
148 0.3402777777777778 0.3229166666666667 0.09027777777777778 0.09027777777777778 
136 0.9305555555555556 0.6631944444444444 0.09027777777777778 0.09027777777777778 
102 0.9513888888888888 0.53125 0.09027777777777778 0.09027777777777778 
5 0.4166666666666667 0.7395833333333334 0.09027777777777778 0.09027777777777778 
75 0.04861111111111111 0.7256944444444444 0.09027777777777778 0.09027777777777778 
98 0.3888888888888889 0.5972222222222222 0.09027777777777778 0.09027777777777778 
25 0.12152777777777778 0.71875 0.09027777777777778 0.09027777777777778 
27 0.3298611111111111 0.21180555555555555 0.09027777777777778 0.09027777777777778 
70 0.2638888888888889 0.46875 0.09027777777777778 0.09027777777777778 
