117 0.9305555555555556 0.04513888888888889 0.09027777777777778 0.09027777777777778 
98 0.8263888888888888 0.4861111111111111 0.09027777777777778 0.09027777777777778 
74 0.1597222222222222 0.7881944444444444 0.09027777777777778 0.09027777777777778 
134 0.5243055555555556 0.7118055555555556 0.09027777777777778 0.09027777777777778 
39 0.5277777777777778 0.7986111111111112 0.09027777777777778 0.09027777777777778 
32 0.4131944444444444 0.90625 0.09027777777777778 0.09027777777777778 
142 0.8958333333333334 0.6006944444444444 0.09027777777777778 0.09027777777777778 
4 0.6666666666666666 0.6979166666666666 0.09027777777777778 0.09027777777777778 
108 0.9479166666666666 0.625 0.09027777777777778 0.09027777777777778 
27 0.5486111111111112 0.2604166666666667 0.09027777777777778 0.09027777777777778 
