113 0.4965277777777778 0.18055555555555555 0.09027777777777778 0.09027777777777778 
19 0.4756944444444444 0.7222222222222222 0.09027777777777778 0.09027777777777778 
95 0.3784722222222222 0.3645833333333333 0.09027777777777778 0.09027777777777778 
47 0.15625 0.4409722222222222 0.09027777777777778 0.09027777777777778 
46 0.3125 0.75 0.09027777777777778 0.09027777777777778 
115 0.1875 0.8506944444444444 0.09027777777777778 0.09027777777777778 
156 0.6458333333333334 0.5555555555555556 0.09027777777777778 0.09027777777777778 
129 0.7534722222222222 0.5347222222222222 0.09027777777777778 0.09027777777777778 
21 0.5208333333333334 0.6840277777777778 0.09027777777777778 0.09027777777777778 
90 0.7604166666666666 0.6770833333333334 0.09027777777777778 0.09027777777777778 
