97 0.7222222222222222 0.16666666666666666 0.09027777777777778 0.09027777777777778 
93 0.4340277777777778 0.5 0.09027777777777778 0.09027777777777778 
59 0.10416666666666667 0.09027777777777778 0.09027777777777778 0.09027777777777778 
126 0.6388888888888888 0.7708333333333334 0.09027777777777778 0.09027777777777778 
48 0.1076388888888889 0.14583333333333334 0.09027777777777778 0.09027777777777778 
142 0.4479166666666667 0.8923611111111112 0.09027777777777778 0.09027777777777778 
145 0.3715277777777778 0.5763888888888888 0.09027777777777778 0.09027777777777778 
30 0.3923611111111111 0.34375 0.09027777777777778 0.09027777777777778 
123 0.22916666666666666 0.09722222222222222 0.09027777777777778 0.09027777777777778 
53 0.7152777777777778 0.1875 0.09027777777777778 0.09027777777777778 
