153 0.6875 0.2569444444444444 0.09027777777777778 0.09027777777777778 
63 0.2916666666666667 0.5104166666666666 0.09027777777777778 0.09027777777777778 
67 0.3611111111111111 0.20833333333333334 0.09027777777777778 0.09027777777777778 
105 0.0798611111111111 0.6284722222222222 0.09027777777777778 0.09027777777777778 
14 0.0798611111111111 0.3645833333333333 0.09027777777777778 0.09027777777777778 
139 0.0763888888888889 0.8229166666666666 0.09027777777777778 0.09027777777777778 
112 0.052083333333333336 0.6944444444444444 0.09027777777777778 0.09027777777777778 
30 0.0625 0.1527777777777778 0.09027777777777778 0.09027777777777778 
124 0.7881944444444444 0.09375 0.09027777777777778 0.09027777777777778 
93 0.4340277777777778 0.4479166666666667 0.09027777777777778 0.09027777777777778 
