122 0.2916666666666667 0.1527777777777778 0.09027777777777778 0.09027777777777778 
115 0.75 0.8194444444444444 0.09027777777777778 0.09027777777777778 
36 0.9548611111111112 0.11458333333333333 0.09027777777777778 0.09027777777777778 
146 0.9513888888888888 0.9201388888888888 0.09027777777777778 0.09027777777777778 
138 0.19791666666666666 0.3298611111111111 0.09027777777777778 0.09027777777777778 
140 0.4861111111111111 0.3125 0.09027777777777778 0.09027777777777778 
25 0.7881944444444444 0.4548611111111111 0.09027777777777778 0.09027777777777778 
57 0.11458333333333333 0.28125 0.09027777777777778 0.09027777777777778 
128 0.7361111111111112 0.17708333333333334 0.09027777777777778 0.09027777777777778 
88 0.1597222222222222 0.59375 0.09027777777777778 0.09027777777777778 
