125 0.4965277777777778 0.06944444444444445 0.09027777777777778 0.09027777777777778 
157 0.84375 0.3194444444444444 0.09027777777777778 0.09027777777777778 
39 0.3090277777777778 0.4965277777777778 0.09027777777777778 0.09027777777777778 
97 0.6319444444444444 0.3263888888888889 0.09027777777777778 0.09027777777777778 
97 0.8298611111111112 0.1701388888888889 0.09027777777777778 0.09027777777777778 
70 0.4166666666666667 0.6354166666666666 0.09027777777777778 0.09027777777777778 
150 0.4166666666666667 0.6944444444444444 0.09027777777777778 0.09027777777777778 
28 0.8194444444444444 0.3958333333333333 0.09027777777777778 0.09027777777777778 
129 0.7847222222222222 0.8854166666666666 0.09027777777777778 0.09027777777777778 
73 0.34375 0.7708333333333334 0.09027777777777778 0.09027777777777778 
