27 0.25 0.4270833333333333 0.09027777777777778 0.09027777777777778 
97 0.24305555555555555 0.8090277777777778 0.09027777777777778 0.09027777777777778 
151 0.5208333333333334 0.8055555555555556 0.09027777777777778 0.09027777777777778 
2 0.2013888888888889 0.3784722222222222 0.09027777777777778 0.09027777777777778 
154 0.4826388888888889 0.6423611111111112 0.09027777777777778 0.09027777777777778 
139 0.5694444444444444 0.7222222222222222 0.09027777777777778 0.09027777777777778 
79 0.3680555555555556 0.375 0.09027777777777778 0.09027777777777778 
141 0.7847222222222222 0.5868055555555556 0.09027777777777778 0.09027777777777778 
93 0.2013888888888889 0.4861111111111111 0.09027777777777778 0.09027777777777778 
144 0.3784722222222222 0.11805555555555555 0.09027777777777778 0.09027777777777778 
