69 0.59375 0.19791666666666666 0.09027777777777778 0.09027777777777778 
68 0.4791666666666667 0.3611111111111111 0.09027777777777778 0.09027777777777778 
22 0.1840277777777778 0.0798611111111111 0.09027777777777778 0.09027777777777778 
55 0.3854166666666667 0.052083333333333336 0.09027777777777778 0.09027777777777778 
129 0.71875 0.4097222222222222 0.09027777777777778 0.09027777777777778 
48 0.65625 0.9340277777777778 0.09027777777777778 0.09027777777777778 
52 0.1701388888888889 0.04861111111111111 0.09027777777777778 0.09027777777777778 
6 0.2638888888888889 0.1284722222222222 0.09027777777777778 0.09027777777777778 
79 0.9131944444444444 0.16666666666666666 0.09027777777777778 0.09027777777777778 
155 0.3263888888888889 0.4513888888888889 0.09027777777777778 0.09027777777777778 
