140 0.7569444444444444 0.3645833333333333 0.09027777777777778 0.09027777777777778 
56 0.9131944444444444 0.21875 0.09027777777777778 0.09027777777777778 
40 0.7395833333333334 0.9513888888888888 0.09027777777777778 0.09027777777777778 
92 0.4166666666666667 0.4409722222222222 0.09027777777777778 0.09027777777777778 
37 0.6076388888888888 0.5868055555555556 0.09027777777777778 0.09027777777777778 
122 0.7256944444444444 0.1701388888888889 0.09027777777777778 0.09027777777777778 
72 0.8958333333333334 0.75 0.09027777777777778 0.09027777777777778 
157 0.7326388888888888 0.9375 0.09027777777777778 0.09027777777777778 
154 0.1111111111111111 0.6597222222222222 0.09027777777777778 0.09027777777777778 
116 0.9444444444444444 0.05555555555555555 0.09027777777777778 0.09027777777777778 
