32 0.3784722222222222 0.5069444444444444 0.09027777777777778 0.09027777777777778 
0 0.3194444444444444 0.4340277777777778 0.09027777777777778 0.09027777777777778 
61 0.3472222222222222 0.4756944444444444 0.09027777777777778 0.09027777777777778 
45 0.6145833333333334 0.05555555555555555 0.09027777777777778 0.09027777777777778 
82 0.8888888888888888 0.22569444444444445 0.09027777777777778 0.09027777777777778 
28 0.6284722222222222 0.6145833333333334 0.09027777777777778 0.09027777777777778 
55 0.8020833333333334 0.1527777777777778 0.09027777777777778 0.09027777777777778 
93 0.5069444444444444 0.10416666666666667 0.09027777777777778 0.09027777777777778 
6 0.1597222222222222 0.3055555555555556 0.09027777777777778 0.09027777777777778 
139 0.07291666666666667 0.78125 0.09027777777777778 0.09027777777777778 
