18 0.40625 0.8784722222222222 0.09027777777777778 0.09027777777777778 
3 0.4027777777777778 0.3229166666666667 0.09027777777777778 0.09027777777777778 
142 0.2951388888888889 0.8888888888888888 0.09027777777777778 0.09027777777777778 
135 0.8090277777777778 0.5277777777777778 0.09027777777777778 0.09027777777777778 
109 0.4513888888888889 0.2013888888888889 0.09027777777777778 0.09027777777777778 
72 0.19444444444444445 0.04513888888888889 0.09027777777777778 0.09027777777777778 
87 0.7951388888888888 0.2326388888888889 0.09027777777777778 0.09027777777777778 
33 0.4201388888888889 0.3854166666666667 0.09027777777777778 0.09027777777777778 
94 0.6145833333333334 0.7430555555555556 0.09027777777777778 0.09027777777777778 
132 0.7916666666666666 0.7881944444444444 0.09027777777777778 0.09027777777777778 
