50 0.4444444444444444 0.7326388888888888 0.09027777777777778 0.09027777777777778 
7 0.6354166666666666 0.0625 0.09027777777777778 0.09027777777777778 
68 0.7256944444444444 0.3368055555555556 0.09027777777777778 0.09027777777777778 
152 0.6076388888888888 0.7465277777777778 0.09027777777777778 0.09027777777777778 
29 0.3854166666666667 0.3611111111111111 0.09027777777777778 0.09027777777777778 
22 0.4965277777777778 0.4340277777777778 0.09027777777777778 0.09027777777777778 
63 0.7534722222222222 0.6805555555555556 0.09027777777777778 0.09027777777777778 
14 0.3055555555555556 0.9479166666666666 0.09027777777777778 0.09027777777777778 
11 0.1076388888888889 0.1597222222222222 0.09027777777777778 0.09027777777777778 
129 0.6006944444444444 0.3611111111111111 0.09027777777777778 0.09027777777777778 
