85 0.3402777777777778 0.8055555555555556 0.09027777777777778 0.09027777777777778 
149 0.1909722222222222 0.9270833333333334 0.09027777777777778 0.09027777777777778 
85 0.7152777777777778 0.3680555555555556 0.09027777777777778 0.09027777777777778 
137 0.1076388888888889 0.7708333333333334 0.09027777777777778 0.09027777777777778 
27 0.1736111111111111 0.9270833333333334 0.09027777777777778 0.09027777777777778 
26 0.5208333333333334 0.4375 0.09027777777777778 0.09027777777777778 
33 0.875 0.40625 0.09027777777777778 0.09027777777777778 
133 0.2222222222222222 0.3402777777777778 0.09027777777777778 0.09027777777777778 
52 0.4027777777777778 0.8194444444444444 0.09027777777777778 0.09027777777777778 
18 0.2569444444444444 0.2534722222222222 0.09027777777777778 0.09027777777777778 
