53 0.4930555555555556 0.11805555555555555 0.09027777777777778 0.09027777777777778 
74 0.25 0.9236111111111112 0.09027777777777778 0.09027777777777778 
33 0.2152777777777778 0.9513888888888888 0.09027777777777778 0.09027777777777778 
68 0.8506944444444444 0.2465277777777778 0.09027777777777778 0.09027777777777778 
98 0.4166666666666667 0.3888888888888889 0.09027777777777778 0.09027777777777778 
25 0.7916666666666666 0.2986111111111111 0.09027777777777778 0.09027777777777778 
17 0.3472222222222222 0.375 0.09027777777777778 0.09027777777777778 
10 0.5555555555555556 0.1875 0.09027777777777778 0.09027777777777778 
124 0.6319444444444444 0.08333333333333333 0.09027777777777778 0.09027777777777778 
48 0.3055555555555556 0.71875 0.09027777777777778 0.09027777777777778 
