59 0.6388888888888888 0.22916666666666666 0.09027777777777778 0.09027777777777778 
130 0.3888888888888889 0.25 0.09027777777777778 0.09027777777777778 
157 0.9375 0.5659722222222222 0.09027777777777778 0.09027777777777778 
85 0.4270833333333333 0.1111111111111111 0.09027777777777778 0.09027777777777778 
150 0.7916666666666666 0.5590277777777778 0.09027777777777778 0.09027777777777778 
148 0.10416666666666667 0.7083333333333334 0.09027777777777778 0.09027777777777778 
145 0.7847222222222222 0.59375 0.09027777777777778 0.09027777777777778 
138 0.8888888888888888 0.2326388888888889 0.09027777777777778 0.09027777777777778 
146 0.9201388888888888 0.4444444444444444 0.09027777777777778 0.09027777777777778 
25 0.8993055555555556 0.1076388888888889 0.09027777777777778 0.09027777777777778 
