55 0.3923611111111111 0.20833333333333334 0.09027777777777778 0.09027777777777778 
140 0.3888888888888889 0.22569444444444445 0.09027777777777778 0.09027777777777778 
150 0.75 0.3645833333333333 0.09027777777777778 0.09027777777777778 
90 0.8645833333333334 0.8229166666666666 0.09027777777777778 0.09027777777777778 
7 0.6076388888888888 0.3576388888888889 0.09027777777777778 0.09027777777777778 
135 0.5763888888888888 0.1076388888888889 0.09027777777777778 0.09027777777777778 
139 0.5243055555555556 0.4305555555555556 0.09027777777777778 0.09027777777777778 
35 0.8194444444444444 0.1701388888888889 0.09027777777777778 0.09027777777777778 
154 0.6041666666666666 0.8715277777777778 0.09027777777777778 0.09027777777777778 
40 0.0625 0.40625 0.09027777777777778 0.09027777777777778 
