114 0.3402777777777778 0.5833333333333334 0.09027777777777778 0.09027777777777778 
101 0.052083333333333336 0.23958333333333334 0.09027777777777778 0.09027777777777778 
70 0.08333333333333333 0.8020833333333334 0.09027777777777778 0.09027777777777778 
157 0.08333333333333333 0.4305555555555556 0.09027777777777778 0.09027777777777778 
138 0.17708333333333334 0.4791666666666667 0.09027777777777778 0.09027777777777778 
142 0.46875 0.2326388888888889 0.09027777777777778 0.09027777777777778 
69 0.5729166666666666 0.5625 0.09027777777777778 0.09027777777777778 
81 0.3576388888888889 0.7708333333333334 0.09027777777777778 0.09027777777777778 
71 0.5208333333333334 0.4826388888888889 0.09027777777777778 0.09027777777777778 
127 0.3819444444444444 0.7569444444444444 0.09027777777777778 0.09027777777777778 
