109 0.3680555555555556 0.3055555555555556 0.09027777777777778 0.09027777777777778 
122 0.9375 0.7048611111111112 0.09027777777777778 0.09027777777777778 
48 0.8506944444444444 0.1076388888888889 0.09027777777777778 0.09027777777777778 
60 0.3159722222222222 0.6388888888888888 0.09027777777777778 0.09027777777777778 
36 0.10416666666666667 0.6944444444444444 0.09027777777777778 0.09027777777777778 
25 0.7083333333333334 0.6458333333333334 0.09027777777777778 0.09027777777777778 
54 0.5972222222222222 0.0763888888888889 0.09027777777777778 0.09027777777777778 
73 0.9236111111111112 0.6076388888888888 0.09027777777777778 0.09027777777777778 
37 0.6527777777777778 0.9340277777777778 0.09027777777777778 0.09027777777777778 
114 0.7118055555555556 0.8611111111111112 0.09027777777777778 0.09027777777777778 
