60 0.3611111111111111 0.4340277777777778 0.09027777777777778 0.09027777777777778 
74 0.34375 0.11458333333333333 0.09027777777777778 0.09027777777777778 
124 0.21180555555555555 0.1423611111111111 0.09027777777777778 0.09027777777777778 
133 0.5555555555555556 0.6770833333333334 0.09027777777777778 0.09027777777777778 
43 0.6979166666666666 0.8368055555555556 0.09027777777777778 0.09027777777777778 
13 0.1597222222222222 0.052083333333333336 0.09027777777777778 0.09027777777777778 
65 0.4965277777777778 0.0625 0.09027777777777778 0.09027777777777778 
124 0.4965277777777778 0.5173611111111112 0.09027777777777778 0.09027777777777778 
92 0.75 0.8333333333333334 0.09027777777777778 0.09027777777777778 
88 0.2847222222222222 0.9270833333333334 0.09027777777777778 0.09027777777777778 
