0 0.9270833333333334 0.4965277777777778 0.09027777777777778 0.09027777777777778 
121 0.6805555555555556 0.6770833333333334 0.09027777777777778 0.09027777777777778 
74 0.5729166666666666 0.3020833333333333 0.09027777777777778 0.09027777777777778 
76 0.34375 0.7777777777777778 0.09027777777777778 0.09027777777777778 
121 0.08680555555555555 0.3125 0.09027777777777778 0.09027777777777778 
32 0.3854166666666667 0.8263888888888888 0.09027777777777778 0.09027777777777778 
138 0.3541666666666667 0.2916666666666667 0.09027777777777778 0.09027777777777778 
60 0.6388888888888888 0.9201388888888888 0.09027777777777778 0.09027777777777778 
144 0.6909722222222222 0.625 0.09027777777777778 0.09027777777777778 
15 0.2222222222222222 0.6215277777777778 0.09027777777777778 0.09027777777777778 
