119 0.8472222222222222 0.21180555555555555 0.09027777777777778 0.09027777777777778 
53 0.06944444444444445 0.05555555555555555 0.09027777777777778 0.09027777777777778 
70 0.1388888888888889 0.0798611111111111 0.09027777777777778 0.09027777777777778 
29 0.6840277777777778 0.6111111111111112 0.09027777777777778 0.09027777777777778 
155 0.09375 0.9201388888888888 0.09027777777777778 0.09027777777777778 
139 0.7326388888888888 0.4826388888888889 0.09027777777777778 0.09027777777777778 
109 0.6076388888888888 0.7847222222222222 0.09027777777777778 0.09027777777777778 
91 0.5 0.9201388888888888 0.09027777777777778 0.09027777777777778 
128 0.2951388888888889 0.5833333333333334 0.09027777777777778 0.09027777777777778 
113 0.5069444444444444 0.4201388888888889 0.09027777777777778 0.09027777777777778 
