7 0.6354166666666666 0.4652777777777778 0.09027777777777778 0.09027777777777778 
21 0.6145833333333334 0.5034722222222222 0.09027777777777778 0.09027777777777778 
12 0.08680555555555555 0.12152777777777778 0.09027777777777778 0.09027777777777778 
37 0.9270833333333334 0.4444444444444444 0.09027777777777778 0.09027777777777778 
49 0.875 0.7222222222222222 0.09027777777777778 0.09027777777777778 
26 0.4791666666666667 0.3923611111111111 0.09027777777777778 0.09027777777777778 
34 0.9027777777777778 0.8194444444444444 0.09027777777777778 0.09027777777777778 
8 0.5277777777777778 0.2951388888888889 0.09027777777777778 0.09027777777777778 
62 0.8819444444444444 0.9027777777777778 0.09027777777777778 0.09027777777777778 
5 0.9027777777777778 0.625 0.09027777777777778 0.09027777777777778 
