37 0.3020833333333333 0.8020833333333334 0.09027777777777778 0.09027777777777778 
115 0.09722222222222222 0.5555555555555556 0.09027777777777778 0.09027777777777778 
157 0.9375 0.6840277777777778 0.09027777777777778 0.09027777777777778 
80 0.4930555555555556 0.9375 0.09027777777777778 0.09027777777777778 
119 0.4166666666666667 0.8819444444444444 0.09027777777777778 0.09027777777777778 
93 0.24305555555555555 0.8576388888888888 0.09027777777777778 0.09027777777777778 
11 0.5486111111111112 0.125 0.09027777777777778 0.09027777777777778 
109 0.4756944444444444 0.9409722222222222 0.09027777777777778 0.09027777777777778 
52 0.20833333333333334 0.375 0.09027777777777778 0.09027777777777778 
102 0.8715277777777778 0.7430555555555556 0.09027777777777778 0.09027777777777778 
