49 0.8541666666666666 0.1875 0.09027777777777778 0.09027777777777778 
140 0.8333333333333334 0.14930555555555555 0.09027777777777778 0.09027777777777778 
100 0.8298611111111112 0.12152777777777778 0.09027777777777778 0.09027777777777778 
42 0.6597222222222222 0.1736111111111111 0.09027777777777778 0.09027777777777778 
154 0.7152777777777778 0.7465277777777778 0.09027777777777778 0.09027777777777778 
0 0.3923611111111111 0.14583333333333334 0.09027777777777778 0.09027777777777778 
74 0.8125 0.2013888888888889 0.09027777777777778 0.09027777777777778 
61 0.2569444444444444 0.71875 0.09027777777777778 0.09027777777777778 
6 0.3229166666666667 0.12152777777777778 0.09027777777777778 0.09027777777777778 
134 0.8159722222222222 0.6770833333333334 0.09027777777777778 0.09027777777777778 
