48 0.625 0.6215277777777778 0.09027777777777778 0.09027777777777778 
143 0.7465277777777778 0.7361111111111112 0.09027777777777778 0.09027777777777778 
33 0.40625 0.34375 0.09027777777777778 0.09027777777777778 
18 0.7118055555555556 0.125 0.09027777777777778 0.09027777777777778 
82 0.9166666666666666 0.8055555555555556 0.09027777777777778 0.09027777777777778 
99 0.052083333333333336 0.3402777777777778 0.09027777777777778 0.09027777777777778 
135 0.4201388888888889 0.8402777777777778 0.09027777777777778 0.09027777777777778 
76 0.9444444444444444 0.2638888888888889 0.09027777777777778 0.09027777777777778 
40 0.0798611111111111 0.375 0.09027777777777778 0.09027777777777778 
58 0.9131944444444444 0.6701388888888888 0.09027777777777778 0.09027777777777778 
