88 0.5625 0.5659722222222222 0.09027777777777778 0.09027777777777778 
20 0.4895833333333333 0.6909722222222222 0.09027777777777778 0.09027777777777778 
103 0.40625 0.10069444444444445 0.09027777777777778 0.09027777777777778 
60 0.3402777777777778 0.3993055555555556 0.09027777777777778 0.09027777777777778 
87 0.2916666666666667 0.4444444444444444 0.09027777777777778 0.09027777777777778 
68 0.6805555555555556 0.6875 0.09027777777777778 0.09027777777777778 
132 0.6284722222222222 0.4861111111111111 0.09027777777777778 0.09027777777777778 
108 0.08333333333333333 0.6006944444444444 0.09027777777777778 0.09027777777777778 
70 0.3923611111111111 0.1875 0.09027777777777778 0.09027777777777778 
62 0.625 0.3263888888888889 0.09027777777777778 0.09027777777777778 
