140 0.14583333333333334 0.3611111111111111 0.09027777777777778 0.09027777777777778 
35 0.7604166666666666 0.07291666666666667 0.09027777777777778 0.09027777777777778 
66 0.059027777777777776 0.6701388888888888 0.09027777777777778 0.09027777777777778 
151 0.6284722222222222 0.8923611111111112 0.09027777777777778 0.09027777777777778 
102 0.4201388888888889 0.6527777777777778 0.09027777777777778 0.09027777777777778 
134 0.5659722222222222 0.6666666666666666 0.09027777777777778 0.09027777777777778 
90 0.21875 0.2708333333333333 0.09027777777777778 0.09027777777777778 
1 0.6597222222222222 0.16666666666666666 0.09027777777777778 0.09027777777777778 
95 0.19791666666666666 0.7013888888888888 0.09027777777777778 0.09027777777777778 
7 0.8506944444444444 0.05555555555555555 0.09027777777777778 0.09027777777777778 
