76 0.53125 0.2361111111111111 0.09027777777777778 0.09027777777777778 
42 0.3159722222222222 0.3506944444444444 0.09027777777777778 0.09027777777777778 
130 0.2604166666666667 0.9444444444444444 0.09027777777777778 0.09027777777777778 
73 0.125 0.8923611111111112 0.09027777777777778 0.09027777777777778 
44 0.7708333333333334 0.5381944444444444 0.09027777777777778 0.09027777777777778 
18 0.1840277777777778 0.052083333333333336 0.09027777777777778 0.09027777777777778 
145 0.6180555555555556 0.375 0.09027777777777778 0.09027777777777778 
70 0.07291666666666667 0.7013888888888888 0.09027777777777778 0.09027777777777778 
112 0.3993055555555556 0.3368055555555556 0.09027777777777778 0.09027777777777778 
153 0.9548611111111112 0.3784722222222222 0.09027777777777778 0.09027777777777778 
