135 0.90625 0.13541666666666666 0.09027777777777778 0.09027777777777778 
34 0.3194444444444444 0.14583333333333334 0.09027777777777778 0.09027777777777778 
27 0.9027777777777778 0.4756944444444444 0.09027777777777778 0.09027777777777778 
117 0.8715277777777778 0.6875 0.09027777777777778 0.09027777777777778 
8 0.059027777777777776 0.7743055555555556 0.09027777777777778 0.09027777777777778 
72 0.4236111111111111 0.7916666666666666 0.09027777777777778 0.09027777777777778 
112 0.5625 0.6284722222222222 0.09027777777777778 0.09027777777777778 
139 0.4479166666666667 0.875 0.09027777777777778 0.09027777777777778 
53 0.8819444444444444 0.7604166666666666 0.09027777777777778 0.09027777777777778 
114 0.2361111111111111 0.7465277777777778 0.09027777777777778 0.09027777777777778 
