156 0.7569444444444444 0.90625 0.09027777777777778 0.09027777777777778 
79 0.4930555555555556 0.5208333333333334 0.09027777777777778 0.09027777777777778 
22 0.2777777777777778 0.2743055555555556 0.09027777777777778 0.09027777777777778 
30 0.4965277777777778 0.2743055555555556 0.09027777777777778 0.09027777777777778 
92 0.5868055555555556 0.9479166666666666 0.09027777777777778 0.09027777777777778 
46 0.7777777777777778 0.4618055555555556 0.09027777777777778 0.09027777777777778 
84 0.2326388888888889 0.7118055555555556 0.09027777777777778 0.09027777777777778 
17 0.09375 0.04861111111111111 0.09027777777777778 0.09027777777777778 
113 0.6597222222222222 0.4097222222222222 0.09027777777777778 0.09027777777777778 
136 0.7847222222222222 0.1076388888888889 0.09027777777777778 0.09027777777777778 
