116 0.6006944444444444 0.18055555555555555 0.09027777777777778 0.09027777777777778 
110 0.22569444444444445 0.6631944444444444 0.09027777777777778 0.09027777777777778 
138 0.7361111111111112 0.8645833333333334 0.09027777777777778 0.09027777777777778 
54 0.6666666666666666 0.3125 0.09027777777777778 0.09027777777777778 
154 0.9027777777777778 0.3680555555555556 0.09027777777777778 0.09027777777777778 
51 0.5555555555555556 0.6840277777777778 0.09027777777777778 0.09027777777777778 
113 0.84375 0.2673611111111111 0.09027777777777778 0.09027777777777778 
84 0.6180555555555556 0.7847222222222222 0.09027777777777778 0.09027777777777778 
66 0.22916666666666666 0.10069444444444445 0.09027777777777778 0.09027777777777778 
27 0.28125 0.1909722222222222 0.09027777777777778 0.09027777777777778 
