147 0.2986111111111111 0.7395833333333334 0.09027777777777778 0.09027777777777778 
3 0.4548611111111111 0.06944444444444445 0.09027777777777778 0.09027777777777778 
50 0.125 0.06944444444444445 0.09027777777777778 0.09027777777777778 
86 0.875 0.8263888888888888 0.09027777777777778 0.09027777777777778 
17 0.125 0.875 0.09027777777777778 0.09027777777777778 
0 0.4444444444444444 0.4861111111111111 0.09027777777777778 0.09027777777777778 
130 0.5833333333333334 0.5729166666666666 0.09027777777777778 0.09027777777777778 
136 0.6076388888888888 0.04861111111111111 0.09027777777777778 0.09027777777777778 
109 0.8333333333333334 0.78125 0.09027777777777778 0.09027777777777778 
78 0.2326388888888889 0.2326388888888889 0.09027777777777778 0.09027777777777778 
