136 0.4236111111111111 0.2152777777777778 0.09027777777777778 0.09027777777777778 
151 0.8159722222222222 0.6493055555555556 0.09027777777777778 0.09027777777777778 
42 0.8368055555555556 0.7118055555555556 0.09027777777777778 0.09027777777777778 
141 0.53125 0.2881944444444444 0.09027777777777778 0.09027777777777778 
122 0.2743055555555556 0.5694444444444444 0.09027777777777778 0.09027777777777778 
144 0.5868055555555556 0.11458333333333333 0.09027777777777778 0.09027777777777778 
31 0.5104166666666666 0.7916666666666666 0.09027777777777778 0.09027777777777778 
122 0.3784722222222222 0.4652777777777778 0.09027777777777778 0.09027777777777778 
9 0.34375 0.04513888888888889 0.09027777777777778 0.09027777777777778 
89 0.5277777777777778 0.05555555555555555 0.09027777777777778 0.09027777777777778 
