64 0.6145833333333334 0.8576388888888888 0.09027777777777778 0.09027777777777778 
49 0.21180555555555555 0.28125 0.09027777777777778 0.09027777777777778 
112 0.8506944444444444 0.6701388888888888 0.09027777777777778 0.09027777777777778 
152 0.5694444444444444 0.1388888888888889 0.09027777777777778 0.09027777777777778 
48 0.1840277777777778 0.7951388888888888 0.09027777777777778 0.09027777777777778 
19 0.1527777777777778 0.2986111111111111 0.09027777777777778 0.09027777777777778 
116 0.3125 0.6840277777777778 0.09027777777777778 0.09027777777777778 
133 0.15625 0.10416666666666667 0.09027777777777778 0.09027777777777778 
55 0.8055555555555556 0.3506944444444444 0.09027777777777778 0.09027777777777778 
94 0.6666666666666666 0.4409722222222222 0.09027777777777778 0.09027777777777778 
