13 0.2604166666666667 0.1111111111111111 0.09027777777777778 0.09027777777777778 
66 0.8854166666666666 0.7048611111111112 0.09027777777777778 0.09027777777777778 
7 0.6458333333333334 0.2708333333333333 0.09027777777777778 0.09027777777777778 
29 0.4930555555555556 0.5381944444444444 0.09027777777777778 0.09027777777777778 
34 0.5451388888888888 0.4236111111111111 0.09027777777777778 0.09027777777777778 
121 0.8333333333333334 0.7222222222222222 0.09027777777777778 0.09027777777777778 
116 0.3506944444444444 0.8819444444444444 0.09027777777777778 0.09027777777777778 
136 0.8506944444444444 0.14583333333333334 0.09027777777777778 0.09027777777777778 
152 0.1423611111111111 0.125 0.09027777777777778 0.09027777777777778 
12 0.6284722222222222 0.3541666666666667 0.09027777777777778 0.09027777777777778 
