95 0.4756944444444444 0.13541666666666666 0.09027777777777778 0.09027777777777778 
6 0.7430555555555556 0.8576388888888888 0.09027777777777778 0.09027777777777778 
67 0.13194444444444445 0.2013888888888889 0.09027777777777778 0.09027777777777778 
73 0.3159722222222222 0.5138888888888888 0.09027777777777778 0.09027777777777778 
148 0.3888888888888889 0.8229166666666666 0.09027777777777778 0.09027777777777778 
45 0.15625 0.7881944444444444 0.09027777777777778 0.09027777777777778 
142 0.3472222222222222 0.6597222222222222 0.09027777777777778 0.09027777777777778 
50 0.5208333333333334 0.15625 0.09027777777777778 0.09027777777777778 
9 0.5451388888888888 0.6145833333333334 0.09027777777777778 0.09027777777777778 
145 0.4583333333333333 0.6979166666666666 0.09027777777777778 0.09027777777777778 
