43 0.6527777777777778 0.4444444444444444 0.09027777777777778 0.09027777777777778 
52 0.4548611111111111 0.16666666666666666 0.09027777777777778 0.09027777777777778 
110 0.5520833333333334 0.2013888888888889 0.09027777777777778 0.09027777777777778 
119 0.9166666666666666 0.875 0.09027777777777778 0.09027777777777778 
96 0.7638888888888888 0.5381944444444444 0.09027777777777778 0.09027777777777778 
6 0.4756944444444444 0.4166666666666667 0.09027777777777778 0.09027777777777778 
92 0.2465277777777778 0.5138888888888888 0.09027777777777778 0.09027777777777778 
50 0.6909722222222222 0.6979166666666666 0.09027777777777778 0.09027777777777778 
81 0.4375 0.8923611111111112 0.09027777777777778 0.09027777777777778 
119 0.5138888888888888 0.6736111111111112 0.09027777777777778 0.09027777777777778 
