56 0.4791666666666667 0.2569444444444444 0.09027777777777778 0.09027777777777778 
58 0.75 0.09027777777777778 0.09027777777777778 0.09027777777777778 
118 0.4618055555555556 0.7083333333333334 0.09027777777777778 0.09027777777777778 
130 0.6805555555555556 0.8159722222222222 0.09027777777777778 0.09027777777777778 
104 0.6701388888888888 0.2847222222222222 0.09027777777777778 0.09027777777777778 
19 0.8715277777777778 0.5277777777777778 0.09027777777777778 0.09027777777777778 
137 0.7222222222222222 0.8368055555555556 0.09027777777777778 0.09027777777777778 
144 0.5520833333333334 0.8229166666666666 0.09027777777777778 0.09027777777777778 
74 0.6388888888888888 0.15625 0.09027777777777778 0.09027777777777778 
67 0.3055555555555556 0.53125 0.09027777777777778 0.09027777777777778 
