19 0.23958333333333334 0.9097222222222222 0.09027777777777778 0.09027777777777778 
49 0.21180555555555555 0.8472222222222222 0.09027777777777778 0.09027777777777778 
146 0.3680555555555556 0.5833333333333334 0.09027777777777778 0.09027777777777778 
17 0.11805555555555555 0.5208333333333334 0.09027777777777778 0.09027777777777778 
3 0.5104166666666666 0.9027777777777778 0.09027777777777778 0.09027777777777778 
18 0.6701388888888888 0.71875 0.09027777777777778 0.09027777777777778 
46 0.6111111111111112 0.7152777777777778 0.09027777777777778 0.09027777777777778 
99 0.6354166666666666 0.7465277777777778 0.09027777777777778 0.09027777777777778 
137 0.2881944444444444 0.28125 0.09027777777777778 0.09027777777777778 
90 0.1076388888888889 0.2638888888888889 0.09027777777777778 0.09027777777777778 
