54 0.2361111111111111 0.6597222222222222 0.09027777777777778 0.09027777777777778 
60 0.1840277777777778 0.7048611111111112 0.09027777777777778 0.09027777777777778 
102 0.13194444444444445 0.3333333333333333 0.09027777777777778 0.09027777777777778 
86 0.9027777777777778 0.6284722222222222 0.09027777777777778 0.09027777777777778 
108 0.4305555555555556 0.2604166666666667 0.09027777777777778 0.09027777777777778 
93 0.9201388888888888 0.4270833333333333 0.09027777777777778 0.09027777777777778 
103 0.90625 0.4756944444444444 0.09027777777777778 0.09027777777777778 
22 0.3506944444444444 0.22916666666666666 0.09027777777777778 0.09027777777777778 
64 0.7569444444444444 0.9548611111111112 0.09027777777777778 0.09027777777777778 
68 0.8958333333333334 0.8506944444444444 0.09027777777777778 0.09027777777777778 
