82 0.9236111111111112 0.8263888888888888 0.09027777777777778 0.09027777777777778 
7 0.4583333333333333 0.2604166666666667 0.09027777777777778 0.09027777777777778 
92 0.3576388888888889 0.15625 0.09027777777777778 0.09027777777777778 
113 0.8784722222222222 0.4791666666666667 0.09027777777777778 0.09027777777777778 
17 0.5138888888888888 0.10416666666666667 0.09027777777777778 0.09027777777777778 
126 0.8298611111111112 0.1111111111111111 0.09027777777777778 0.09027777777777778 
91 0.7534722222222222 0.2569444444444444 0.09027777777777778 0.09027777777777778 
114 0.9548611111111112 0.2013888888888889 0.09027777777777778 0.09027777777777778 
51 0.8854166666666666 0.2916666666666667 0.09027777777777778 0.09027777777777778 
39 0.0798611111111111 0.3819444444444444 0.09027777777777778 0.09027777777777778 
