20 0.7048611111111112 0.21180555555555555 0.09027777777777778 0.09027777777777778 
12 0.6041666666666666 0.3090277777777778 0.09027777777777778 0.09027777777777778 
25 0.4236111111111111 0.5104166666666666 0.09027777777777778 0.09027777777777778 
13 0.6006944444444444 0.9340277777777778 0.09027777777777778 0.09027777777777778 
59 0.6701388888888888 0.6388888888888888 0.09027777777777778 0.09027777777777778 
105 0.3541666666666667 0.8819444444444444 0.09027777777777778 0.09027777777777778 
105 0.6875 0.7118055555555556 0.09027777777777778 0.09027777777777778 
136 0.3229166666666667 0.4444444444444444 0.09027777777777778 0.09027777777777778 
52 0.6354166666666666 0.8229166666666666 0.09027777777777778 0.09027777777777778 
154 0.5625 0.7083333333333334 0.09027777777777778 0.09027777777777778 
