83 0.6319444444444444 0.8159722222222222 0.09027777777777778 0.09027777777777778 
77 0.2743055555555556 0.8576388888888888 0.09027777777777778 0.09027777777777778 
55 0.2222222222222222 0.7569444444444444 0.09027777777777778 0.09027777777777778 
43 0.3194444444444444 0.2881944444444444 0.09027777777777778 0.09027777777777778 
100 0.6666666666666666 0.375 0.09027777777777778 0.09027777777777778 
33 0.5243055555555556 0.3576388888888889 0.09027777777777778 0.09027777777777778 
96 0.2326388888888889 0.8645833333333334 0.09027777777777778 0.09027777777777778 
51 0.2673611111111111 0.4375 0.09027777777777778 0.09027777777777778 
128 0.4166666666666667 0.1527777777777778 0.09027777777777778 0.09027777777777778 
57 0.15625 0.5833333333333334 0.09027777777777778 0.09027777777777778 
