78 0.19444444444444445 0.6805555555555556 0.09027777777777778 0.09027777777777778 
77 0.3888888888888889 0.5347222222222222 0.09027777777777778 0.09027777777777778 
117 0.3541666666666667 0.6458333333333334 0.09027777777777778 0.09027777777777778 
106 0.9340277777777778 0.6736111111111112 0.09027777777777778 0.09027777777777778 
116 0.6493055555555556 0.7256944444444444 0.09027777777777778 0.09027777777777778 
14 0.8611111111111112 0.5069444444444444 0.09027777777777778 0.09027777777777778 
59 0.3368055555555556 0.1736111111111111 0.09027777777777778 0.09027777777777778 
66 0.059027777777777776 0.16666666666666666 0.09027777777777778 0.09027777777777778 
97 0.7951388888888888 0.2152777777777778 0.09027777777777778 0.09027777777777778 
105 0.7222222222222222 0.7222222222222222 0.09027777777777778 0.09027777777777778 
