29 0.6944444444444444 0.08333333333333333 0.09027777777777778 0.09027777777777778 
114 0.2881944444444444 0.90625 0.09027777777777778 0.09027777777777778 
131 0.0763888888888889 0.24305555555555555 0.09027777777777778 0.09027777777777778 
74 0.7847222222222222 0.6597222222222222 0.09027777777777778 0.09027777777777778 
119 0.4826388888888889 0.4791666666666667 0.09027777777777778 0.09027777777777778 
73 0.6041666666666666 0.9305555555555556 0.09027777777777778 0.09027777777777778 
47 0.5416666666666666 0.1527777777777778 0.09027777777777778 0.09027777777777778 
76 0.4236111111111111 0.7083333333333334 0.09027777777777778 0.09027777777777778 
105 0.6215277777777778 0.8229166666666666 0.09027777777777778 0.09027777777777778 
71 0.3125 0.6180555555555556 0.09027777777777778 0.09027777777777778 
