61 0.09027777777777778 0.5208333333333334 0.09027777777777778 0.09027777777777778 
93 0.6736111111111112 0.5694444444444444 0.09027777777777778 0.09027777777777778 
134 0.5659722222222222 0.4131944444444444 0.09027777777777778 0.09027777777777778 
58 0.2951388888888889 0.6666666666666666 0.09027777777777778 0.09027777777777778 
105 0.3506944444444444 0.9513888888888888 0.09027777777777778 0.09027777777777778 
18 0.1111111111111111 0.9548611111111112 0.09027777777777778 0.09027777777777778 
30 0.1423611111111111 0.2743055555555556 0.09027777777777778 0.09027777777777778 
100 0.19791666666666666 0.1597222222222222 0.09027777777777778 0.09027777777777778 
86 0.6388888888888888 0.11458333333333333 0.09027777777777778 0.09027777777777778 
2 0.6354166666666666 0.2881944444444444 0.09027777777777778 0.09027777777777778 
