77 0.375 0.5763888888888888 0.09027777777777778 0.09027777777777778 
94 0.8923611111111112 0.3472222222222222 0.09027777777777778 0.09027777777777778 
124 0.14930555555555555 0.4756944444444444 0.09027777777777778 0.09027777777777778 
10 0.3472222222222222 0.9305555555555556 0.09027777777777778 0.09027777777777778 
146 0.2569444444444444 0.6736111111111112 0.09027777777777778 0.09027777777777778 
109 0.3576388888888889 0.4548611111111111 0.09027777777777778 0.09027777777777778 
82 0.7604166666666666 0.625 0.09027777777777778 0.09027777777777778 
101 0.9444444444444444 0.4479166666666667 0.09027777777777778 0.09027777777777778 
84 0.875 0.3263888888888889 0.09027777777777778 0.09027777777777778 
27 0.40625 0.7118055555555556 0.09027777777777778 0.09027777777777778 
