70 0.9131944444444444 0.2673611111111111 0.09027777777777778 0.09027777777777778 
112 0.75 0.5104166666666666 0.09027777777777778 0.09027777777777778 
144 0.6076388888888888 0.6284722222222222 0.09027777777777778 0.09027777777777778 
136 0.05555555555555555 0.4861111111111111 0.09027777777777778 0.09027777777777778 
91 0.6840277777777778 0.5243055555555556 0.09027777777777778 0.09027777777777778 
71 0.7673611111111112 0.0763888888888889 0.09027777777777778 0.09027777777777778 
59 0.9131944444444444 0.6701388888888888 0.09027777777777778 0.09027777777777778 
72 0.6527777777777778 0.5590277777777778 0.09027777777777778 0.09027777777777778 
13 0.1597222222222222 0.375 0.09027777777777778 0.09027777777777778 
11 0.3715277777777778 0.5659722222222222 0.09027777777777778 0.09027777777777778 
