93 0.5833333333333334 0.04513888888888889 0.09027777777777778 0.09027777777777778 
128 0.4756944444444444 0.2916666666666667 0.09027777777777778 0.09027777777777778 
35 0.7430555555555556 0.2638888888888889 0.09027777777777778 0.09027777777777778 
74 0.6319444444444444 0.2708333333333333 0.09027777777777778 0.09027777777777778 
77 0.3159722222222222 0.4375 0.09027777777777778 0.09027777777777778 
134 0.4270833333333333 0.625 0.09027777777777778 0.09027777777777778 
72 0.2743055555555556 0.1076388888888889 0.09027777777777778 0.09027777777777778 
53 0.10416666666666667 0.9236111111111112 0.09027777777777778 0.09027777777777778 
154 0.16666666666666666 0.65625 0.09027777777777778 0.09027777777777778 
156 0.28125 0.13194444444444445 0.09027777777777778 0.09027777777777778 
