126 0.6527777777777778 0.40625 0.09027777777777778 0.09027777777777778 
36 0.8888888888888888 0.2673611111111111 0.09027777777777778 0.09027777777777778 
103 0.9166666666666666 0.3819444444444444 0.09027777777777778 0.09027777777777778 
92 0.8854166666666666 0.8368055555555556 0.09027777777777778 0.09027777777777778 
61 0.4826388888888889 0.5173611111111112 0.09027777777777778 0.09027777777777778 
95 0.7673611111111112 0.6944444444444444 0.09027777777777778 0.09027777777777778 
151 0.2361111111111111 0.2013888888888889 0.09027777777777778 0.09027777777777778 
150 0.13194444444444445 0.4201388888888889 0.09027777777777778 0.09027777777777778 
118 0.5347222222222222 0.7986111111111112 0.09027777777777778 0.09027777777777778 
35 0.5625 0.1701388888888889 0.09027777777777778 0.09027777777777778 
