1 0.8923611111111112 0.4895833333333333 0.09027777777777778 0.09027777777777778 
152 0.6006944444444444 0.2222222222222222 0.09027777777777778 0.09027777777777778 
70 0.09027777777777778 0.7777777777777778 0.09027777777777778 0.09027777777777778 
79 0.5243055555555556 0.6145833333333334 0.09027777777777778 0.09027777777777778 
144 0.6736111111111112 0.8472222222222222 0.09027777777777778 0.09027777777777778 
130 0.2326388888888889 0.3402777777777778 0.09027777777777778 0.09027777777777778 
148 0.6805555555555556 0.3368055555555556 0.09027777777777778 0.09027777777777778 
52 0.6458333333333334 0.59375 0.09027777777777778 0.09027777777777778 
43 0.6284722222222222 0.8194444444444444 0.09027777777777778 0.09027777777777778 
130 0.1076388888888889 0.7326388888888888 0.09027777777777778 0.09027777777777778 
