156 0.46875 0.6736111111111112 0.09027777777777778 0.09027777777777778 
8 0.3958333333333333 0.8090277777777778 0.09027777777777778 0.09027777777777778 
50 0.2951388888888889 0.7743055555555556 0.09027777777777778 0.09027777777777778 
107 0.2951388888888889 0.9479166666666666 0.09027777777777778 0.09027777777777778 
120 0.65625 0.3958333333333333 0.09027777777777778 0.09027777777777778 
120 0.3680555555555556 0.06597222222222222 0.09027777777777778 0.09027777777777778 
133 0.28125 0.8819444444444444 0.09027777777777778 0.09027777777777778 
21 0.6458333333333334 0.2361111111111111 0.09027777777777778 0.09027777777777778 
148 0.2222222222222222 0.8263888888888888 0.09027777777777778 0.09027777777777778 
49 0.7951388888888888 0.5972222222222222 0.09027777777777778 0.09027777777777778 
