157 0.6388888888888888 0.9305555555555556 0.09027777777777778 0.09027777777777778 
120 0.5798611111111112 0.6701388888888888 0.09027777777777778 0.09027777777777778 
140 0.2048611111111111 0.7534722222222222 0.09027777777777778 0.09027777777777778 
113 0.7465277777777778 0.6215277777777778 0.09027777777777778 0.09027777777777778 
112 0.12152777777777778 0.90625 0.09027777777777778 0.09027777777777778 
152 0.7569444444444444 0.6354166666666666 0.09027777777777778 0.09027777777777778 
35 0.7430555555555556 0.5520833333333334 0.09027777777777778 0.09027777777777778 
49 0.3263888888888889 0.5381944444444444 0.09027777777777778 0.09027777777777778 
65 0.3402777777777778 0.8541666666666666 0.09027777777777778 0.09027777777777778 
21 0.7916666666666666 0.59375 0.09027777777777778 0.09027777777777778 
