39 0.3888888888888889 0.2986111111111111 0.09027777777777778 0.09027777777777778 
129 0.6493055555555556 0.8368055555555556 0.09027777777777778 0.09027777777777778 
114 0.8680555555555556 0.3368055555555556 0.09027777777777778 0.09027777777777778 
139 0.5520833333333334 0.25 0.09027777777777778 0.09027777777777778 
136 0.08680555555555555 0.5972222222222222 0.09027777777777778 0.09027777777777778 
111 0.78125 0.4097222222222222 0.09027777777777778 0.09027777777777778 
42 0.2569444444444444 0.4583333333333333 0.09027777777777778 0.09027777777777778 
20 0.4305555555555556 0.4131944444444444 0.09027777777777778 0.09027777777777778 
6 0.10069444444444445 0.06597222222222222 0.09027777777777778 0.09027777777777778 
146 0.6319444444444444 0.19791666666666666 0.09027777777777778 0.09027777777777778 
