105 0.17708333333333334 0.6458333333333334 0.09027777777777778 0.09027777777777778 
38 0.7395833333333334 0.09722222222222222 0.09027777777777778 0.09027777777777778 
58 0.07291666666666667 0.78125 0.09027777777777778 0.09027777777777778 
111 0.8611111111111112 0.5138888888888888 0.09027777777777778 0.09027777777777778 
20 0.18055555555555555 0.8020833333333334 0.09027777777777778 0.09027777777777778 
112 0.9201388888888888 0.7604166666666666 0.09027777777777778 0.09027777777777778 
66 0.53125 0.9305555555555556 0.09027777777777778 0.09027777777777778 
44 0.21180555555555555 0.11805555555555555 0.09027777777777778 0.09027777777777778 
132 0.4652777777777778 0.125 0.09027777777777778 0.09027777777777778 
25 0.90625 0.8090277777777778 0.09027777777777778 0.09027777777777778 
