77 0.2986111111111111 0.6770833333333334 0.09027777777777778 0.09027777777777778 
128 0.6875 0.1423611111111111 0.09027777777777778 0.09027777777777778 
89 0.7986111111111112 0.9444444444444444 0.09027777777777778 0.09027777777777778 
82 0.8715277777777778 0.10416666666666667 0.09027777777777778 0.09027777777777778 
153 0.5833333333333334 0.5763888888888888 0.09027777777777778 0.09027777777777778 
48 0.2361111111111111 0.06944444444444445 0.09027777777777778 0.09027777777777778 
104 0.6701388888888888 0.4791666666666667 0.09027777777777778 0.09027777777777778 
151 0.8645833333333334 0.3333333333333333 0.09027777777777778 0.09027777777777778 
123 0.3159722222222222 0.2534722222222222 0.09027777777777778 0.09027777777777778 
102 0.4479166666666667 0.4479166666666667 0.09027777777777778 0.09027777777777778 
