138 0.3402777777777778 0.23958333333333334 0.09027777777777778 0.09027777777777778 
86 0.15625 0.53125 0.09027777777777778 0.09027777777777778 
18 0.3229166666666667 0.7118055555555556 0.09027777777777778 0.09027777777777778 
54 0.59375 0.5520833333333334 0.09027777777777778 0.09027777777777778 
20 0.6631944444444444 0.4409722222222222 0.09027777777777778 0.09027777777777778 
13 0.84375 0.4722222222222222 0.09027777777777778 0.09027777777777778 
94 0.7256944444444444 0.7708333333333334 0.09027777777777778 0.09027777777777778 
142 0.7083333333333334 0.24305555555555555 0.09027777777777778 0.09027777777777778 
26 0.7569444444444444 0.4131944444444444 0.09027777777777778 0.09027777777777778 
51 0.8090277777777778 0.3888888888888889 0.09027777777777778 0.09027777777777778 
