93 0.5347222222222222 0.40625 0.09027777777777778 0.09027777777777778 
61 0.6076388888888888 0.9340277777777778 0.09027777777777778 0.09027777777777778 
103 0.1840277777777778 0.9409722222222222 0.09027777777777778 0.09027777777777778 
1 0.4166666666666667 0.7013888888888888 0.09027777777777778 0.09027777777777778 
49 0.7777777777777778 0.4027777777777778 0.09027777777777778 0.09027777777777778 
2 0.6840277777777778 0.20833333333333334 0.09027777777777778 0.09027777777777778 
98 0.6458333333333334 0.875 0.09027777777777778 0.09027777777777778 
43 0.8090277777777778 0.9340277777777778 0.09027777777777778 0.09027777777777778 
1 0.59375 0.15625 0.09027777777777778 0.09027777777777778 
78 0.12152777777777778 0.53125 0.09027777777777778 0.09027777777777778 
