8 0.6319444444444444 0.1736111111111111 0.09027777777777778 0.09027777777777778 
146 0.2708333333333333 0.3958333333333333 0.09027777777777778 0.09027777777777778 
15 0.1701388888888889 0.8229166666666666 0.09027777777777778 0.09027777777777778 
94 0.7118055555555556 0.6180555555555556 0.09027777777777778 0.09027777777777778 
114 0.5972222222222222 0.9201388888888888 0.09027777777777778 0.09027777777777778 
52 0.3472222222222222 0.2986111111111111 0.09027777777777778 0.09027777777777778 
100 0.7916666666666666 0.21875 0.09027777777777778 0.09027777777777778 
53 0.6701388888888888 0.7222222222222222 0.09027777777777778 0.09027777777777778 
22 0.8680555555555556 0.2708333333333333 0.09027777777777778 0.09027777777777778 
130 0.4930555555555556 0.3854166666666667 0.09027777777777778 0.09027777777777778 
