140 0.1076388888888889 0.4722222222222222 0.09027777777777778 0.09027777777777778 
58 0.5763888888888888 0.8090277777777778 0.09027777777777778 0.09027777777777778 
130 0.7291666666666666 0.3368055555555556 0.09027777777777778 0.09027777777777778 
19 0.7916666666666666 0.6805555555555556 0.09027777777777778 0.09027777777777778 
115 0.2638888888888889 0.7256944444444444 0.09027777777777778 0.09027777777777778 
11 0.7118055555555556 0.09027777777777778 0.09027777777777778 0.09027777777777778 
84 0.2881944444444444 0.25 0.09027777777777778 0.09027777777777778 
17 0.9201388888888888 0.28125 0.09027777777777778 0.09027777777777778 
73 0.20833333333333334 0.7430555555555556 0.09027777777777778 0.09027777777777778 
79 0.7361111111111112 0.5590277777777778 0.09027777777777778 0.09027777777777778 
