40 0.5416666666666666 0.7708333333333334 0.09027777777777778 0.09027777777777778 
75 0.5034722222222222 0.4722222222222222 0.09027777777777778 0.09027777777777778 
152 0.1597222222222222 0.08680555555555555 0.09027777777777778 0.09027777777777778 
22 0.8680555555555556 0.3263888888888889 0.09027777777777778 0.09027777777777778 
71 0.1909722222222222 0.6979166666666666 0.09027777777777778 0.09027777777777778 
33 0.6076388888888888 0.25 0.09027777777777778 0.09027777777777778 
150 0.21180555555555555 0.8194444444444444 0.09027777777777778 0.09027777777777778 
68 0.5138888888888888 0.3506944444444444 0.09027777777777778 0.09027777777777778 
55 0.9236111111111112 0.16319444444444445 0.09027777777777778 0.09027777777777778 
108 0.9131944444444444 0.4305555555555556 0.09027777777777778 0.09027777777777778 
