2 0.7465277777777778 0.3715277777777778 0.09027777777777778 0.09027777777777778 
128 0.4444444444444444 0.3715277777777778 0.09027777777777778 0.09027777777777778 
22 0.4548611111111111 0.21875 0.09027777777777778 0.09027777777777778 
29 0.7916666666666666 0.1597222222222222 0.09027777777777778 0.09027777777777778 
60 0.5173611111111112 0.21875 0.09027777777777778 0.09027777777777778 
54 0.6805555555555556 0.8333333333333334 0.09027777777777778 0.09027777777777778 
3 0.8611111111111112 0.3541666666666667 0.09027777777777778 0.09027777777777778 
69 0.8263888888888888 0.13541666666666666 0.09027777777777778 0.09027777777777778 
110 0.3993055555555556 0.5243055555555556 0.09027777777777778 0.09027777777777778 
114 0.875 0.4513888888888889 0.09027777777777778 0.09027777777777778 
