14 0.7361111111111112 0.9340277777777778 0.09027777777777778 0.09027777777777778 
108 0.2916666666666667 0.125 0.09027777777777778 0.09027777777777778 
80 0.8298611111111112 0.65625 0.09027777777777778 0.09027777777777778 
59 0.3055555555555556 0.7534722222222222 0.09027777777777778 0.09027777777777778 
51 0.7916666666666666 0.7847222222222222 0.09027777777777778 0.09027777777777778 
128 0.7222222222222222 0.6527777777777778 0.09027777777777778 0.09027777777777778 
56 0.8958333333333334 0.5173611111111112 0.09027777777777778 0.09027777777777778 
138 0.6631944444444444 0.3958333333333333 0.09027777777777778 0.09027777777777778 
48 0.6111111111111112 0.7916666666666666 0.09027777777777778 0.09027777777777778 
86 0.9479166666666666 0.8784722222222222 0.09027777777777778 0.09027777777777778 
