134 0.06944444444444445 0.125 0.09027777777777778 0.09027777777777778 
125 0.4861111111111111 0.46875 0.09027777777777778 0.09027777777777778 
147 0.1736111111111111 0.6805555555555556 0.09027777777777778 0.09027777777777778 
140 0.1875 0.1840277777777778 0.09027777777777778 0.09027777777777778 
83 0.7361111111111112 0.6180555555555556 0.09027777777777778 0.09027777777777778 
84 0.9513888888888888 0.3958333333333333 0.09027777777777778 0.09027777777777778 
71 0.7534722222222222 0.9305555555555556 0.09027777777777778 0.09027777777777778 
10 0.8263888888888888 0.8958333333333334 0.09027777777777778 0.09027777777777778 
74 0.3055555555555556 0.6006944444444444 0.09027777777777778 0.09027777777777778 
42 0.4166666666666667 0.8923611111111112 0.09027777777777778 0.09027777777777778 
