83 0.2534722222222222 0.3958333333333333 0.09027777777777778 0.09027777777777778 
125 0.7013888888888888 0.9166666666666666 0.09027777777777778 0.09027777777777778 
63 0.4444444444444444 0.2465277777777778 0.09027777777777778 0.09027777777777778 
45 0.5277777777777778 0.6423611111111112 0.09027777777777778 0.09027777777777778 
14 0.9409722222222222 0.13541666666666666 0.09027777777777778 0.09027777777777778 
116 0.9097222222222222 0.4861111111111111 0.09027777777777778 0.09027777777777778 
31 0.4756944444444444 0.1423611111111111 0.09027777777777778 0.09027777777777778 
89 0.4652777777777778 0.4513888888888889 0.09027777777777778 0.09027777777777778 
0 0.5555555555555556 0.28125 0.09027777777777778 0.09027777777777778 
12 0.06944444444444445 0.5520833333333334 0.09027777777777778 0.09027777777777778 
