110 0.7430555555555556 0.3055555555555556 0.09027777777777778 0.09027777777777778 
152 0.1527777777777778 0.11458333333333333 0.09027777777777778 0.09027777777777778 
46 0.17708333333333334 0.6527777777777778 0.09027777777777778 0.09027777777777778 
68 0.22916666666666666 0.28125 0.09027777777777778 0.09027777777777778 
8 0.7222222222222222 0.7048611111111112 0.09027777777777778 0.09027777777777778 
20 0.9305555555555556 0.9097222222222222 0.09027777777777778 0.09027777777777778 
57 0.65625 0.9513888888888888 0.09027777777777778 0.09027777777777778 
13 0.5138888888888888 0.6944444444444444 0.09027777777777778 0.09027777777777778 
69 0.3159722222222222 0.65625 0.09027777777777778 0.09027777777777778 
133 0.6736111111111112 0.2222222222222222 0.09027777777777778 0.09027777777777778 
