128 0.1423611111111111 0.04861111111111111 0.09027777777777778 0.09027777777777778 
140 0.125 0.23958333333333334 0.09027777777777778 0.09027777777777778 
143 0.4930555555555556 0.2847222222222222 0.09027777777777778 0.09027777777777778 
104 0.8784722222222222 0.4826388888888889 0.09027777777777778 0.09027777777777778 
148 0.4548611111111111 0.2743055555555556 0.09027777777777778 0.09027777777777778 
49 0.9270833333333334 0.3194444444444444 0.09027777777777778 0.09027777777777778 
53 0.22916666666666666 0.9444444444444444 0.09027777777777778 0.09027777777777778 
43 0.13194444444444445 0.8125 0.09027777777777778 0.09027777777777778 
157 0.7222222222222222 0.6215277777777778 0.09027777777777778 0.09027777777777778 
90 0.625 0.3055555555555556 0.09027777777777778 0.09027777777777778 
