32 0.34375 0.84375 0.09027777777777778 0.09027777777777778 
140 0.3854166666666667 0.24305555555555555 0.09027777777777778 0.09027777777777778 
27 0.1111111111111111 0.6319444444444444 0.09027777777777778 0.09027777777777778 
145 0.08333333333333333 0.08680555555555555 0.09027777777777778 0.09027777777777778 
118 0.3472222222222222 0.6666666666666666 0.09027777777777778 0.09027777777777778 
89 0.6180555555555556 0.3194444444444444 0.09027777777777778 0.09027777777777778 
115 0.8611111111111112 0.28125 0.09027777777777778 0.09027777777777778 
26 0.2951388888888889 0.3680555555555556 0.09027777777777778 0.09027777777777778 
106 0.3506944444444444 0.5416666666666666 0.09027777777777778 0.09027777777777778 
38 0.3576388888888889 0.7673611111111112 0.09027777777777778 0.09027777777777778 
