90 0.8923611111111112 0.21875 0.09027777777777778 0.09027777777777778 
34 0.59375 0.3368055555555556 0.09027777777777778 0.09027777777777778 
49 0.2743055555555556 0.9270833333333334 0.09027777777777778 0.09027777777777778 
118 0.5277777777777778 0.09375 0.09027777777777778 0.09027777777777778 
152 0.5451388888888888 0.6215277777777778 0.09027777777777778 0.09027777777777778 
52 0.5277777777777778 0.9548611111111112 0.09027777777777778 0.09027777777777778 
114 0.6979166666666666 0.059027777777777776 0.09027777777777778 0.09027777777777778 
146 0.4548611111111111 0.5243055555555556 0.09027777777777778 0.09027777777777778 
105 0.3263888888888889 0.059027777777777776 0.09027777777777778 0.09027777777777778 
70 0.052083333333333336 0.7013888888888888 0.09027777777777778 0.09027777777777778 
