153 0.5104166666666666 0.4791666666666667 0.09027777777777778 0.09027777777777778 
93 0.5451388888888888 0.5520833333333334 0.09027777777777778 0.09027777777777778 
39 0.3611111111111111 0.4166666666666667 0.09027777777777778 0.09027777777777778 
104 0.7256944444444444 0.7638888888888888 0.09027777777777778 0.09027777777777778 
28 0.9375 0.5381944444444444 0.09027777777777778 0.09027777777777778 
130 0.19791666666666666 0.0798611111111111 0.09027777777777778 0.09027777777777778 
95 0.5347222222222222 0.3402777777777778 0.09027777777777778 0.09027777777777778 
88 0.6770833333333334 0.5694444444444444 0.09027777777777778 0.09027777777777778 
19 0.2638888888888889 0.4583333333333333 0.09027777777777778 0.09027777777777778 
148 0.5277777777777778 0.8125 0.09027777777777778 0.09027777777777778 
