27 0.7916666666666666 0.14930555555555555 0.09027777777777778 0.09027777777777778 
74 0.78125 0.17708333333333334 0.09027777777777778 0.09027777777777778 
32 0.8854166666666666 0.9409722222222222 0.09027777777777778 0.09027777777777778 
46 0.6631944444444444 0.5763888888888888 0.09027777777777778 0.09027777777777778 
14 0.08680555555555555 0.5069444444444444 0.09027777777777778 0.09027777777777778 
79 0.08333333333333333 0.4722222222222222 0.09027777777777778 0.09027777777777778 
8 0.4131944444444444 0.8611111111111112 0.09027777777777778 0.09027777777777778 
64 0.8055555555555556 0.0763888888888889 0.09027777777777778 0.09027777777777778 
115 0.6597222222222222 0.6319444444444444 0.09027777777777778 0.09027777777777778 
126 0.6145833333333334 0.75 0.09027777777777778 0.09027777777777778 
