126 0.05555555555555555 0.7118055555555556 0.09027777777777778 0.09027777777777778 
12 0.4548611111111111 0.6840277777777778 0.09027777777777778 0.09027777777777778 
20 0.5763888888888888 0.22916666666666666 0.09027777777777778 0.09027777777777778 
93 0.6284722222222222 0.53125 0.09027777777777778 0.09027777777777778 
82 0.4270833333333333 0.6041666666666666 0.09027777777777778 0.09027777777777778 
126 0.8194444444444444 0.4270833333333333 0.09027777777777778 0.09027777777777778 
84 0.09375 0.8055555555555556 0.09027777777777778 0.09027777777777778 
96 0.9131944444444444 0.2152777777777778 0.09027777777777778 0.09027777777777778 
38 0.2013888888888889 0.2951388888888889 0.09027777777777778 0.09027777777777778 
27 0.8055555555555556 0.6284722222222222 0.09027777777777778 0.09027777777777778 
