16 0.8125 0.2604166666666667 0.09027777777777778 0.09027777777777778 
74 0.3784722222222222 0.6423611111111112 0.09027777777777778 0.09027777777777778 
33 0.4409722222222222 0.8541666666666666 0.09027777777777778 0.09027777777777778 
6 0.4548611111111111 0.8472222222222222 0.09027777777777778 0.09027777777777778 
1 0.3784722222222222 0.8055555555555556 0.09027777777777778 0.09027777777777778 
99 0.5069444444444444 0.2847222222222222 0.09027777777777778 0.09027777777777778 
62 0.1284722222222222 0.7881944444444444 0.09027777777777778 0.09027777777777778 
69 0.09027777777777778 0.7743055555555556 0.09027777777777778 0.09027777777777778 
31 0.7395833333333334 0.09027777777777778 0.09027777777777778 0.09027777777777778 
7 0.20833333333333334 0.23958333333333334 0.09027777777777778 0.09027777777777778 
