101 0.3888888888888889 0.09722222222222222 0.09027777777777778 0.09027777777777778 
143 0.4618055555555556 0.14583333333333334 0.09027777777777778 0.09027777777777778 
150 0.3645833333333333 0.6388888888888888 0.09027777777777778 0.09027777777777778 
22 0.8263888888888888 0.1388888888888889 0.09027777777777778 0.09027777777777778 
6 0.4826388888888889 0.24305555555555555 0.09027777777777778 0.09027777777777778 
27 0.4756944444444444 0.7152777777777778 0.09027777777777778 0.09027777777777778 
64 0.2708333333333333 0.4166666666666667 0.09027777777777778 0.09027777777777778 
77 0.71875 0.8715277777777778 0.09027777777777778 0.09027777777777778 
49 0.4340277777777778 0.8576388888888888 0.09027777777777778 0.09027777777777778 
111 0.9236111111111112 0.5729166666666666 0.09027777777777778 0.09027777777777778 
