30 0.13541666666666666 0.8784722222222222 0.09027777777777778 0.09027777777777778 
126 0.28125 0.21875 0.09027777777777778 0.09027777777777778 
157 0.4201388888888889 0.2708333333333333 0.09027777777777778 0.09027777777777778 
76 0.5729166666666666 0.625 0.09027777777777778 0.09027777777777778 
16 0.1840277777777778 0.3923611111111111 0.09027777777777778 0.09027777777777778 
76 0.4618055555555556 0.4236111111111111 0.09027777777777778 0.09027777777777778 
61 0.3541666666666667 0.125 0.09027777777777778 0.09027777777777778 
30 0.59375 0.6041666666666666 0.09027777777777778 0.09027777777777778 
14 0.6909722222222222 0.6041666666666666 0.09027777777777778 0.09027777777777778 
9 0.9027777777777778 0.4131944444444444 0.09027777777777778 0.09027777777777778 
