37 0.2881944444444444 0.09375 0.09027777777777778 0.09027777777777778 
21 0.9409722222222222 0.3194444444444444 0.09027777777777778 0.09027777777777778 
151 0.6354166666666666 0.7638888888888888 0.09027777777777778 0.09027777777777778 
137 0.6388888888888888 0.6597222222222222 0.09027777777777778 0.09027777777777778 
90 0.25 0.6493055555555556 0.09027777777777778 0.09027777777777778 
144 0.7256944444444444 0.3576388888888889 0.09027777777777778 0.09027777777777778 
132 0.6215277777777778 0.3229166666666667 0.09027777777777778 0.09027777777777778 
40 0.5451388888888888 0.2986111111111111 0.09027777777777778 0.09027777777777778 
128 0.5902777777777778 0.8888888888888888 0.09027777777777778 0.09027777777777778 
79 0.5902777777777778 0.059027777777777776 0.09027777777777778 0.09027777777777778 
