20 0.5208333333333334 0.8263888888888888 0.09027777777777778 0.09027777777777778 
9 0.5486111111111112 0.5104166666666666 0.09027777777777778 0.09027777777777778 
6 0.8854166666666666 0.5347222222222222 0.09027777777777778 0.09027777777777778 
38 0.3541666666666667 0.84375 0.09027777777777778 0.09027777777777778 
17 0.2708333333333333 0.7916666666666666 0.09027777777777778 0.09027777777777778 
156 0.1875 0.9513888888888888 0.09027777777777778 0.09027777777777778 
11 0.1736111111111111 0.5277777777777778 0.09027777777777778 0.09027777777777778 
153 0.3923611111111111 0.2604166666666667 0.09027777777777778 0.09027777777777778 
18 0.04513888888888889 0.5486111111111112 0.09027777777777778 0.09027777777777778 
0 0.13194444444444445 0.1736111111111111 0.09027777777777778 0.09027777777777778 
