79 0.6354166666666666 0.1597222222222222 0.09027777777777778 0.09027777777777778 
88 0.6180555555555556 0.3020833333333333 0.09027777777777778 0.09027777777777778 
90 0.7326388888888888 0.6979166666666666 0.09027777777777778 0.09027777777777778 
8 0.5208333333333334 0.3402777777777778 0.09027777777777778 0.09027777777777778 
0 0.9236111111111112 0.16666666666666666 0.09027777777777778 0.09027777777777778 
146 0.8854166666666666 0.9236111111111112 0.09027777777777778 0.09027777777777778 
114 0.3576388888888889 0.2222222222222222 0.09027777777777778 0.09027777777777778 
12 0.09722222222222222 0.5138888888888888 0.09027777777777778 0.09027777777777778 
28 0.2916666666666667 0.2673611111111111 0.09027777777777778 0.09027777777777778 
45 0.21875 0.8680555555555556 0.09027777777777778 0.09027777777777778 
