121 0.6041666666666666 0.2708333333333333 0.09027777777777778 0.09027777777777778 
10 0.625 0.3854166666666667 0.09027777777777778 0.09027777777777778 
59 0.8333333333333334 0.5277777777777778 0.09027777777777778 0.09027777777777778 
152 0.7048611111111112 0.6284722222222222 0.09027777777777778 0.09027777777777778 
6 0.04861111111111111 0.6284722222222222 0.09027777777777778 0.09027777777777778 
85 0.2569444444444444 0.3020833333333333 0.09027777777777778 0.09027777777777778 
84 0.90625 0.1875 0.09027777777777778 0.09027777777777778 
143 0.1840277777777778 0.08680555555555555 0.09027777777777778 0.09027777777777778 
44 0.09375 0.6354166666666666 0.09027777777777778 0.09027777777777778 
47 0.7430555555555556 0.8819444444444444 0.09027777777777778 0.09027777777777778 
