18 0.7604166666666666 0.4375 0.09027777777777778 0.09027777777777778 
76 0.09722222222222222 0.9131944444444444 0.09027777777777778 0.09027777777777778 
141 0.4826388888888889 0.08333333333333333 0.09027777777777778 0.09027777777777778 
124 0.16666666666666666 0.06944444444444445 0.09027777777777778 0.09027777777777778 
25 0.4305555555555556 0.6215277777777778 0.09027777777777778 0.09027777777777778 
124 0.8958333333333334 0.84375 0.09027777777777778 0.09027777777777778 
104 0.16319444444444445 0.6944444444444444 0.09027777777777778 0.09027777777777778 
87 0.8125 0.19791666666666666 0.09027777777777778 0.09027777777777778 
104 0.059027777777777776 0.6493055555555556 0.09027777777777778 0.09027777777777778 
17 0.3472222222222222 0.3020833333333333 0.09027777777777778 0.09027777777777778 
