16 0.3715277777777778 0.9270833333333334 0.09027777777777778 0.09027777777777778 
77 0.06944444444444445 0.4652777777777778 0.09027777777777778 0.09027777777777778 
94 0.4791666666666667 0.3298611111111111 0.09027777777777778 0.09027777777777778 
80 0.9340277777777778 0.2951388888888889 0.09027777777777778 0.09027777777777778 
64 0.9236111111111112 0.6736111111111112 0.09027777777777778 0.09027777777777778 
109 0.6458333333333334 0.13541666666666666 0.09027777777777778 0.09027777777777778 
32 0.6493055555555556 0.4965277777777778 0.09027777777777778 0.09027777777777778 
115 0.8159722222222222 0.9409722222222222 0.09027777777777778 0.09027777777777778 
31 0.16666666666666666 0.5034722222222222 0.09027777777777778 0.09027777777777778 
151 0.5868055555555556 0.8541666666666666 0.09027777777777778 0.09027777777777778 
