7 0.5034722222222222 0.5277777777777778 0.09027777777777778 0.09027777777777778 
144 0.3263888888888889 0.24305555555555555 0.09027777777777778 0.09027777777777778 
114 0.5972222222222222 0.0763888888888889 0.09027777777777778 0.09027777777777778 
144 0.21875 0.4097222222222222 0.09027777777777778 0.09027777777777778 
156 0.9513888888888888 0.3402777777777778 0.09027777777777778 0.09027777777777778 
58 0.7951388888888888 0.625 0.09027777777777778 0.09027777777777778 
97 0.1423611111111111 0.2013888888888889 0.09027777777777778 0.09027777777777778 
24 0.7743055555555556 0.7465277777777778 0.09027777777777778 0.09027777777777778 
21 0.6944444444444444 0.5694444444444444 0.09027777777777778 0.09027777777777778 
136 0.6076388888888888 0.4236111111111111 0.09027777777777778 0.09027777777777778 
