1 0.6666666666666666 0.3923611111111111 0.09027777777777778 0.09027777777777778 
74 0.7013888888888888 0.9375 0.09027777777777778 0.09027777777777778 
153 0.5659722222222222 0.5069444444444444 0.09027777777777778 0.09027777777777778 
104 0.4444444444444444 0.3819444444444444 0.09027777777777778 0.09027777777777778 
66 0.5520833333333334 0.14583333333333334 0.09027777777777778 0.09027777777777778 
111 0.6805555555555556 0.8298611111111112 0.09027777777777778 0.09027777777777778 
64 0.6284722222222222 0.07291666666666667 0.09027777777777778 0.09027777777777778 
77 0.09375 0.7395833333333334 0.09027777777777778 0.09027777777777778 
86 0.9375 0.4479166666666667 0.09027777777777778 0.09027777777777778 
40 0.4930555555555556 0.4375 0.09027777777777778 0.09027777777777778 
