99 0.2951388888888889 0.9548611111111112 0.09027777777777778 0.09027777777777778 
38 0.052083333333333336 0.3472222222222222 0.09027777777777778 0.09027777777777778 
1 0.06597222222222222 0.5833333333333334 0.09027777777777778 0.09027777777777778 
44 0.8680555555555556 0.8298611111111112 0.09027777777777778 0.09027777777777778 
45 0.9479166666666666 0.6145833333333334 0.09027777777777778 0.09027777777777778 
102 0.2673611111111111 0.24305555555555555 0.09027777777777778 0.09027777777777778 
44 0.3194444444444444 0.2847222222222222 0.09027777777777778 0.09027777777777778 
81 0.78125 0.375 0.09027777777777778 0.09027777777777778 
6 0.4305555555555556 0.6180555555555556 0.09027777777777778 0.09027777777777778 
84 0.7847222222222222 0.5902777777777778 0.09027777777777778 0.09027777777777778 
