39 0.8402777777777778 0.5868055555555556 0.09027777777777778 0.09027777777777778 
68 0.7569444444444444 0.1527777777777778 0.09027777777777778 0.09027777777777778 
30 0.5 0.21180555555555555 0.09027777777777778 0.09027777777777778 
77 0.2777777777777778 0.0625 0.09027777777777778 0.09027777777777778 
58 0.8611111111111112 0.9479166666666666 0.09027777777777778 0.09027777777777778 
148 0.04861111111111111 0.8368055555555556 0.09027777777777778 0.09027777777777778 
57 0.53125 0.13194444444444445 0.09027777777777778 0.09027777777777778 
0 0.7326388888888888 0.28125 0.09027777777777778 0.09027777777777778 
92 0.6041666666666666 0.5555555555555556 0.09027777777777778 0.09027777777777778 
101 0.3888888888888889 0.4340277777777778 0.09027777777777778 0.09027777777777778 
