129 0.5972222222222222 0.7152777777777778 0.09027777777777778 0.09027777777777778 
29 0.3645833333333333 0.8819444444444444 0.09027777777777778 0.09027777777777778 
70 0.8020833333333334 0.5347222222222222 0.09027777777777778 0.09027777777777778 
102 0.9131944444444444 0.5277777777777778 0.09027777777777778 0.09027777777777778 
64 0.3402777777777778 0.8819444444444444 0.09027777777777778 0.09027777777777778 
42 0.22569444444444445 0.3958333333333333 0.09027777777777778 0.09027777777777778 
4 0.3298611111111111 0.7083333333333334 0.09027777777777778 0.09027777777777778 
121 0.5277777777777778 0.4201388888888889 0.09027777777777778 0.09027777777777778 
153 0.7361111111111112 0.3402777777777778 0.09027777777777778 0.09027777777777778 
37 0.2604166666666667 0.3333333333333333 0.09027777777777778 0.09027777777777778 
