13 0.10416666666666667 0.46875 0.09027777777777778 0.09027777777777778 
49 0.6666666666666666 0.3888888888888889 0.09027777777777778 0.09027777777777778 
122 0.21180555555555555 0.3402777777777778 0.09027777777777778 0.09027777777777778 
27 0.3229166666666667 0.9305555555555556 0.09027777777777778 0.09027777777777778 
139 0.4375 0.5972222222222222 0.09027777777777778 0.09027777777777778 
29 0.8506944444444444 0.7777777777777778 0.09027777777777778 0.09027777777777778 
36 0.8020833333333334 0.10416666666666667 0.09027777777777778 0.09027777777777778 
63 0.9270833333333334 0.5763888888888888 0.09027777777777778 0.09027777777777778 
143 0.6979166666666666 0.84375 0.09027777777777778 0.09027777777777778 
56 0.65625 0.23958333333333334 0.09027777777777778 0.09027777777777778 
