64 0.6041666666666666 0.9375 0.09027777777777778 0.09027777777777778 
33 0.4652777777777778 0.6770833333333334 0.09027777777777778 0.09027777777777778 
151 0.7256944444444444 0.1909722222222222 0.09027777777777778 0.09027777777777778 
47 0.4756944444444444 0.17708333333333334 0.09027777777777778 0.09027777777777778 
25 0.22569444444444445 0.06944444444444445 0.09027777777777778 0.09027777777777778 
14 0.19791666666666666 0.6041666666666666 0.09027777777777778 0.09027777777777778 
2 0.8645833333333334 0.08680555555555555 0.09027777777777778 0.09027777777777778 
130 0.9340277777777778 0.9548611111111112 0.09027777777777778 0.09027777777777778 
74 0.6527777777777778 0.8472222222222222 0.09027777777777778 0.09027777777777778 
120 0.2743055555555556 0.1284722222222222 0.09027777777777778 0.09027777777777778 
