114 0.059027777777777776 0.06944444444444445 0.09027777777777778 0.09027777777777778 
138 0.1423611111111111 0.34375 0.09027777777777778 0.09027777777777778 
68 0.3819444444444444 0.9236111111111112 0.09027777777777778 0.09027777777777778 
61 0.5729166666666666 0.9027777777777778 0.09027777777777778 0.09027777777777778 
84 0.3090277777777778 0.8298611111111112 0.09027777777777778 0.09027777777777778 
36 0.22916666666666666 0.3506944444444444 0.09027777777777778 0.09027777777777778 
84 0.3298611111111111 0.1701388888888889 0.09027777777777778 0.09027777777777778 
89 0.7986111111111112 0.2222222222222222 0.09027777777777778 0.09027777777777778 
114 0.4444444444444444 0.1388888888888889 0.09027777777777778 0.09027777777777778 
63 0.6041666666666666 0.7222222222222222 0.09027777777777778 0.09027777777777778 
