138 0.2951388888888889 0.3090277777777778 0.09027777777777778 0.09027777777777778 
31 0.5486111111111112 0.5 0.09027777777777778 0.09027777777777778 
8 0.4930555555555556 0.20833333333333334 0.09027777777777778 0.09027777777777778 
110 0.6354166666666666 0.16319444444444445 0.09027777777777778 0.09027777777777778 
103 0.4340277777777778 0.9097222222222222 0.09027777777777778 0.09027777777777778 
57 0.3958333333333333 0.28125 0.09027777777777778 0.09027777777777778 
157 0.7881944444444444 0.2847222222222222 0.09027777777777778 0.09027777777777778 
109 0.5694444444444444 0.6006944444444444 0.09027777777777778 0.09027777777777778 
71 0.1909722222222222 0.17708333333333334 0.09027777777777778 0.09027777777777778 
18 0.0763888888888889 0.2638888888888889 0.09027777777777778 0.09027777777777778 
