81 0.9548611111111112 0.5 0.09027777777777778 0.09027777777777778 
16 0.9236111111111112 0.10069444444444445 0.09027777777777778 0.09027777777777778 
147 0.5069444444444444 0.3333333333333333 0.09027777777777778 0.09027777777777778 
12 0.3888888888888889 0.2326388888888889 0.09027777777777778 0.09027777777777778 
140 0.7013888888888888 0.059027777777777776 0.09027777777777778 0.09027777777777778 
16 0.2916666666666667 0.05555555555555555 0.09027777777777778 0.09027777777777778 
33 0.5138888888888888 0.13194444444444445 0.09027777777777778 0.09027777777777778 
80 0.84375 0.17708333333333334 0.09027777777777778 0.09027777777777778 
38 0.1388888888888889 0.8055555555555556 0.09027777777777778 0.09027777777777778 
24 0.28125 0.07291666666666667 0.09027777777777778 0.09027777777777778 
