127 0.3125 0.08333333333333333 0.09027777777777778 0.09027777777777778 
129 0.8298611111111112 0.59375 0.09027777777777778 0.09027777777777778 
37 0.6770833333333334 0.1423611111111111 0.09027777777777778 0.09027777777777778 
119 0.2743055555555556 0.3541666666666667 0.09027777777777778 0.09027777777777778 
28 0.1840277777777778 0.6527777777777778 0.09027777777777778 0.09027777777777778 
36 0.4131944444444444 0.6388888888888888 0.09027777777777778 0.09027777777777778 
51 0.8784722222222222 0.8715277777777778 0.09027777777777778 0.09027777777777778 
95 0.17708333333333334 0.5833333333333334 0.09027777777777778 0.09027777777777778 
107 0.22569444444444445 0.5902777777777778 0.09027777777777778 0.09027777777777778 
47 0.2708333333333333 0.7916666666666666 0.09027777777777778 0.09027777777777778 
