135 0.5763888888888888 0.9236111111111112 0.09027777777777778 0.09027777777777778 
144 0.8333333333333334 0.3923611111111111 0.09027777777777778 0.09027777777777778 
80 0.8819444444444444 0.375 0.09027777777777778 0.09027777777777778 
18 0.7673611111111112 0.4236111111111111 0.09027777777777778 0.09027777777777778 
39 0.5451388888888888 0.24305555555555555 0.09027777777777778 0.09027777777777778 
119 0.4965277777777778 0.8472222222222222 0.09027777777777778 0.09027777777777778 
146 0.8194444444444444 0.875 0.09027777777777778 0.09027777777777778 
118 0.5381944444444444 0.5138888888888888 0.09027777777777778 0.09027777777777778 
115 0.5416666666666666 0.5138888888888888 0.09027777777777778 0.09027777777777778 
83 0.4479166666666667 0.14583333333333334 0.09027777777777778 0.09027777777777778 
