69 0.53125 0.3194444444444444 0.09027777777777778 0.09027777777777778 
120 0.18055555555555555 0.6354166666666666 0.09027777777777778 0.09027777777777778 
148 0.5347222222222222 0.8194444444444444 0.09027777777777778 0.09027777777777778 
118 0.4097222222222222 0.8645833333333334 0.09027777777777778 0.09027777777777778 
4 0.4236111111111111 0.90625 0.09027777777777778 0.09027777777777778 
128 0.5 0.4930555555555556 0.09027777777777778 0.09027777777777778 
42 0.0763888888888889 0.8819444444444444 0.09027777777777778 0.09027777777777778 
54 0.1423611111111111 0.7916666666666666 0.09027777777777778 0.09027777777777778 
30 0.9270833333333334 0.7222222222222222 0.09027777777777778 0.09027777777777778 
48 0.4722222222222222 0.4201388888888889 0.09027777777777778 0.09027777777777778 
