117 0.8333333333333334 0.7291666666666666 0.09027777777777778 0.09027777777777778 
62 0.1701388888888889 0.7222222222222222 0.09027777777777778 0.09027777777777778 
127 0.7465277777777778 0.10416666666666667 0.09027777777777778 0.09027777777777778 
135 0.6909722222222222 0.3611111111111111 0.09027777777777778 0.09027777777777778 
113 0.07291666666666667 0.9548611111111112 0.09027777777777778 0.09027777777777778 
91 0.9027777777777778 0.6666666666666666 0.09027777777777778 0.09027777777777778 
81 0.3402777777777778 0.8819444444444444 0.09027777777777778 0.09027777777777778 
137 0.7777777777777778 0.9444444444444444 0.09027777777777778 0.09027777777777778 
81 0.7256944444444444 0.2013888888888889 0.09027777777777778 0.09027777777777778 
124 0.07291666666666667 0.4652777777777778 0.09027777777777778 0.09027777777777778 
