8 0.9131944444444444 0.7534722222222222 0.09027777777777778 0.09027777777777778 
122 0.2708333333333333 0.2048611111111111 0.09027777777777778 0.09027777777777778 
9 0.1736111111111111 0.75 0.09027777777777778 0.09027777777777778 
14 0.4409722222222222 0.3263888888888889 0.09027777777777778 0.09027777777777778 
32 0.1527777777777778 0.22569444444444445 0.09027777777777778 0.09027777777777778 
33 0.34375 0.5902777777777778 0.09027777777777778 0.09027777777777778 
102 0.6597222222222222 0.4097222222222222 0.09027777777777778 0.09027777777777778 
31 0.10069444444444445 0.24305555555555555 0.09027777777777778 0.09027777777777778 
23 0.11458333333333333 0.09375 0.09027777777777778 0.09027777777777778 
55 0.9375 0.8090277777777778 0.09027777777777778 0.09027777777777778 
