55 0.8055555555555556 0.21875 0.09027777777777778 0.09027777777777778 
90 0.6909722222222222 0.6597222222222222 0.09027777777777778 0.09027777777777778 
109 0.3125 0.9270833333333334 0.09027777777777778 0.09027777777777778 
70 0.9409722222222222 0.6909722222222222 0.09027777777777778 0.09027777777777778 
58 0.71875 0.6527777777777778 0.09027777777777778 0.09027777777777778 
31 0.8541666666666666 0.7430555555555556 0.09027777777777778 0.09027777777777778 
157 0.6527777777777778 0.3680555555555556 0.09027777777777778 0.09027777777777778 
92 0.3506944444444444 0.6909722222222222 0.09027777777777778 0.09027777777777778 
17 0.8020833333333334 0.375 0.09027777777777778 0.09027777777777778 
128 0.5451388888888888 0.8680555555555556 0.09027777777777778 0.09027777777777778 
