126 0.9548611111111112 0.9513888888888888 0.09027777777777778 0.09027777777777778 
71 0.4583333333333333 0.5 0.09027777777777778 0.09027777777777778 
102 0.1875 0.2951388888888889 0.09027777777777778 0.09027777777777778 
74 0.4861111111111111 0.4444444444444444 0.09027777777777778 0.09027777777777778 
11 0.5590277777777778 0.8819444444444444 0.09027777777777778 0.09027777777777778 
77 0.875 0.9270833333333334 0.09027777777777778 0.09027777777777778 
36 0.7152777777777778 0.5486111111111112 0.09027777777777778 0.09027777777777778 
88 0.7916666666666666 0.2465277777777778 0.09027777777777778 0.09027777777777778 
142 0.875 0.9479166666666666 0.09027777777777778 0.09027777777777778 
90 0.3298611111111111 0.8263888888888888 0.09027777777777778 0.09027777777777778 
