153 0.7847222222222222 0.5138888888888888 0.09027777777777778 0.09027777777777778 
100 0.7291666666666666 0.5694444444444444 0.09027777777777778 0.09027777777777778 
145 0.7048611111111112 0.2604166666666667 0.09027777777777778 0.09027777777777778 
11 0.6493055555555556 0.4270833333333333 0.09027777777777778 0.09027777777777778 
63 0.4305555555555556 0.1909722222222222 0.09027777777777778 0.09027777777777778 
149 0.78125 0.1388888888888889 0.09027777777777778 0.09027777777777778 
148 0.14583333333333334 0.2013888888888889 0.09027777777777778 0.09027777777777778 
54 0.8055555555555556 0.4583333333333333 0.09027777777777778 0.09027777777777778 
115 0.2361111111111111 0.2222222222222222 0.09027777777777778 0.09027777777777778 
106 0.21180555555555555 0.3402777777777778 0.09027777777777778 0.09027777777777778 
