90 0.9305555555555556 0.5243055555555556 0.09027777777777778 0.09027777777777778 
110 0.2638888888888889 0.34375 0.09027777777777778 0.09027777777777778 
27 0.6006944444444444 0.8020833333333334 0.09027777777777778 0.09027777777777778 
74 0.75 0.22569444444444445 0.09027777777777778 0.09027777777777778 
125 0.1423611111111111 0.7777777777777778 0.09027777777777778 0.09027777777777778 
114 0.5763888888888888 0.2152777777777778 0.09027777777777778 0.09027777777777778 
36 0.5659722222222222 0.4722222222222222 0.09027777777777778 0.09027777777777778 
125 0.2361111111111111 0.3263888888888889 0.09027777777777778 0.09027777777777778 
86 0.90625 0.9479166666666666 0.09027777777777778 0.09027777777777778 
37 0.625 0.4097222222222222 0.09027777777777778 0.09027777777777778 
