93 0.7291666666666666 0.7048611111111112 0.09027777777777778 0.09027777777777778 
25 0.1284722222222222 0.6145833333333334 0.09027777777777778 0.09027777777777778 
97 0.8090277777777778 0.4930555555555556 0.09027777777777778 0.09027777777777778 
134 0.7430555555555556 0.4027777777777778 0.09027777777777778 0.09027777777777778 
130 0.90625 0.8993055555555556 0.09027777777777778 0.09027777777777778 
123 0.6111111111111112 0.9548611111111112 0.09027777777777778 0.09027777777777778 
103 0.7326388888888888 0.21875 0.09027777777777778 0.09027777777777778 
32 0.9375 0.8263888888888888 0.09027777777777778 0.09027777777777778 
46 0.3368055555555556 0.28125 0.09027777777777778 0.09027777777777778 
128 0.4375 0.8229166666666666 0.09027777777777778 0.09027777777777778 
