99 0.5868055555555556 0.1597222222222222 0.09027777777777778 0.09027777777777778 
85 0.09027777777777778 0.8194444444444444 0.09027777777777778 0.09027777777777778 
35 0.7430555555555556 0.875 0.09027777777777778 0.09027777777777778 
97 0.09027777777777778 0.4583333333333333 0.09027777777777778 0.09027777777777778 
45 0.4930555555555556 0.22916666666666666 0.09027777777777778 0.09027777777777778 
20 0.2361111111111111 0.8368055555555556 0.09027777777777778 0.09027777777777778 
97 0.2777777777777778 0.4444444444444444 0.09027777777777778 0.09027777777777778 
110 0.1736111111111111 0.2534722222222222 0.09027777777777778 0.09027777777777778 
57 0.9166666666666666 0.6527777777777778 0.09027777777777778 0.09027777777777778 
96 0.9375 0.06597222222222222 0.09027777777777778 0.09027777777777778 
