111 0.4097222222222222 0.8819444444444444 0.09027777777777778 0.09027777777777778 
8 0.3854166666666667 0.3576388888888889 0.09027777777777778 0.09027777777777778 
145 0.2152777777777778 0.3333333333333333 0.09027777777777778 0.09027777777777778 
120 0.5034722222222222 0.7465277777777778 0.09027777777777778 0.09027777777777778 
42 0.8854166666666666 0.2013888888888889 0.09027777777777778 0.09027777777777778 
138 0.9479166666666666 0.7291666666666666 0.09027777777777778 0.09027777777777778 
80 0.3715277777777778 0.53125 0.09027777777777778 0.09027777777777778 
93 0.7673611111111112 0.5486111111111112 0.09027777777777778 0.09027777777777778 
152 0.3993055555555556 0.7395833333333334 0.09027777777777778 0.09027777777777778 
144 0.13541666666666666 0.8472222222222222 0.09027777777777778 0.09027777777777778 
