109 0.8298611111111112 0.8263888888888888 0.09027777777777778 0.09027777777777778 
115 0.20833333333333334 0.6944444444444444 0.09027777777777778 0.09027777777777778 
93 0.4826388888888889 0.7361111111111112 0.09027777777777778 0.09027777777777778 
99 0.08333333333333333 0.375 0.09027777777777778 0.09027777777777778 
98 0.6493055555555556 0.5277777777777778 0.09027777777777778 0.09027777777777778 
24 0.3333333333333333 0.0798611111111111 0.09027777777777778 0.09027777777777778 
112 0.71875 0.3784722222222222 0.09027777777777778 0.09027777777777778 
115 0.3680555555555556 0.6041666666666666 0.09027777777777778 0.09027777777777778 
147 0.5 0.4027777777777778 0.09027777777777778 0.09027777777777778 
110 0.1527777777777778 0.8472222222222222 0.09027777777777778 0.09027777777777778 
