87 0.6145833333333334 0.5451388888888888 0.09027777777777778 0.09027777777777778 
57 0.7604166666666666 0.7881944444444444 0.09027777777777778 0.09027777777777778 
62 0.7569444444444444 0.5173611111111112 0.09027777777777778 0.09027777777777778 
63 0.2326388888888889 0.9236111111111112 0.09027777777777778 0.09027777777777778 
113 0.59375 0.04513888888888889 0.09027777777777778 0.09027777777777778 
23 0.8125 0.6909722222222222 0.09027777777777778 0.09027777777777778 
33 0.71875 0.17708333333333334 0.09027777777777778 0.09027777777777778 
143 0.5798611111111112 0.8159722222222222 0.09027777777777778 0.09027777777777778 
50 0.2361111111111111 0.3680555555555556 0.09027777777777778 0.09027777777777778 
110 0.09375 0.24305555555555555 0.09027777777777778 0.09027777777777778 
