72 0.8055555555555556 0.4756944444444444 0.09027777777777778 0.09027777777777778 
131 0.53125 0.14930555555555555 0.09027777777777778 0.09027777777777778 
105 0.8506944444444444 0.8576388888888888 0.09027777777777778 0.09027777777777778 
17 0.19444444444444445 0.28125 0.09027777777777778 0.09027777777777778 
15 0.3680555555555556 0.8055555555555556 0.09027777777777778 0.09027777777777778 
42 0.4270833333333333 0.6736111111111112 0.09027777777777778 0.09027777777777778 
27 0.8645833333333334 0.5451388888888888 0.09027777777777778 0.09027777777777778 
37 0.5451388888888888 0.40625 0.09027777777777778 0.09027777777777778 
152 0.3923611111111111 0.2534722222222222 0.09027777777777778 0.09027777777777778 
122 0.7673611111111112 0.10069444444444445 0.09027777777777778 0.09027777777777778 
