52 0.5347222222222222 0.6111111111111112 0.09027777777777778 0.09027777777777778 
22 0.2465277777777778 0.7118055555555556 0.09027777777777778 0.09027777777777778 
152 0.3923611111111111 0.1597222222222222 0.09027777777777778 0.09027777777777778 
37 0.6527777777777778 0.7743055555555556 0.09027777777777778 0.09027777777777778 
132 0.06597222222222222 0.4166666666666667 0.09027777777777778 0.09027777777777778 
74 0.4513888888888889 0.5729166666666666 0.09027777777777778 0.09027777777777778 
69 0.15625 0.6076388888888888 0.09027777777777778 0.09027777777777778 
29 0.5868055555555556 0.8645833333333334 0.09027777777777778 0.09027777777777778 
67 0.625 0.8715277777777778 0.09027777777777778 0.09027777777777778 
115 0.7569444444444444 0.8611111111111112 0.09027777777777778 0.09027777777777778 
