149 0.5104166666666666 0.2916666666666667 0.09027777777777778 0.09027777777777778 
32 0.2569444444444444 0.6770833333333334 0.09027777777777778 0.09027777777777778 
118 0.23958333333333334 0.5763888888888888 0.09027777777777778 0.09027777777777778 
97 0.4618055555555556 0.7256944444444444 0.09027777777777778 0.09027777777777778 
129 0.8194444444444444 0.5590277777777778 0.09027777777777778 0.09027777777777778 
3 0.2638888888888889 0.08333333333333333 0.09027777777777778 0.09027777777777778 
67 0.15625 0.8020833333333334 0.09027777777777778 0.09027777777777778 
11 0.5798611111111112 0.6319444444444444 0.09027777777777778 0.09027777777777778 
156 0.4201388888888889 0.8645833333333334 0.09027777777777778 0.09027777777777778 
71 0.3194444444444444 0.8472222222222222 0.09027777777777778 0.09027777777777778 
