138 0.04861111111111111 0.4097222222222222 0.09027777777777778 0.09027777777777778 
58 0.8541666666666666 0.11458333333333333 0.09027777777777778 0.09027777777777778 
74 0.4305555555555556 0.3958333333333333 0.09027777777777778 0.09027777777777778 
76 0.2951388888888889 0.04513888888888889 0.09027777777777778 0.09027777777777778 
74 0.28125 0.3402777777777778 0.09027777777777778 0.09027777777777778 
153 0.5972222222222222 0.4861111111111111 0.09027777777777778 0.09027777777777778 
53 0.1875 0.4375 0.09027777777777778 0.09027777777777778 
58 0.08680555555555555 0.6736111111111112 0.09027777777777778 0.09027777777777778 
73 0.3645833333333333 0.3854166666666667 0.09027777777777778 0.09027777777777778 
37 0.3055555555555556 0.375 0.09027777777777778 0.09027777777777778 
