37 0.4201388888888889 0.5555555555555556 0.09027777777777778 0.09027777777777778 
66 0.5590277777777778 0.3263888888888889 0.09027777777777778 0.09027777777777778 
126 0.6041666666666666 0.9236111111111112 0.09027777777777778 0.09027777777777778 
24 0.8229166666666666 0.9097222222222222 0.09027777777777778 0.09027777777777778 
113 0.6111111111111112 0.04861111111111111 0.09027777777777778 0.09027777777777778 
138 0.4618055555555556 0.14583333333333334 0.09027777777777778 0.09027777777777778 
38 0.40625 0.6041666666666666 0.09027777777777778 0.09027777777777778 
106 0.5798611111111112 0.11458333333333333 0.09027777777777778 0.09027777777777778 
41 0.5104166666666666 0.7152777777777778 0.09027777777777778 0.09027777777777778 
0 0.3020833333333333 0.3715277777777778 0.09027777777777778 0.09027777777777778 
