101 0.08333333333333333 0.7430555555555556 0.09027777777777778 0.09027777777777778 
96 0.4826388888888889 0.5381944444444444 0.09027777777777778 0.09027777777777778 
87 0.14583333333333334 0.3402777777777778 0.09027777777777778 0.09027777777777778 
40 0.8090277777777778 0.5972222222222222 0.09027777777777778 0.09027777777777778 
14 0.21875 0.8020833333333334 0.09027777777777778 0.09027777777777778 
24 0.8993055555555556 0.1875 0.09027777777777778 0.09027777777777778 
136 0.4409722222222222 0.2881944444444444 0.09027777777777778 0.09027777777777778 
14 0.6076388888888888 0.8333333333333334 0.09027777777777778 0.09027777777777778 
131 0.7916666666666666 0.8541666666666666 0.09027777777777778 0.09027777777777778 
14 0.3715277777777778 0.9131944444444444 0.09027777777777778 0.09027777777777778 
