84 0.6527777777777778 0.3506944444444444 0.09027777777777778 0.09027777777777778 
154 0.14930555555555555 0.16666666666666666 0.09027777777777778 0.09027777777777778 
49 0.8402777777777778 0.21875 0.09027777777777778 0.09027777777777778 
71 0.6770833333333334 0.59375 0.09027777777777778 0.09027777777777778 
64 0.5347222222222222 0.13194444444444445 0.09027777777777778 0.09027777777777778 
122 0.7777777777777778 0.9340277777777778 0.09027777777777778 0.09027777777777778 
1 0.5902777777777778 0.04861111111111111 0.09027777777777778 0.09027777777777778 
46 0.8229166666666666 0.3194444444444444 0.09027777777777778 0.09027777777777778 
155 0.4131944444444444 0.4722222222222222 0.09027777777777778 0.09027777777777778 
93 0.7152777777777778 0.7118055555555556 0.09027777777777778 0.09027777777777778 
