55 0.2986111111111111 0.2604166666666667 0.09027777777777778 0.09027777777777778 
107 0.4409722222222222 0.7291666666666666 0.09027777777777778 0.09027777777777778 
141 0.125 0.3125 0.09027777777777778 0.09027777777777778 
131 0.052083333333333336 0.5729166666666666 0.09027777777777778 0.09027777777777778 
43 0.28125 0.8888888888888888 0.09027777777777778 0.09027777777777778 
3 0.7743055555555556 0.2361111111111111 0.09027777777777778 0.09027777777777778 
30 0.9270833333333334 0.4270833333333333 0.09027777777777778 0.09027777777777778 
62 0.5520833333333334 0.3541666666666667 0.09027777777777778 0.09027777777777778 
7 0.16666666666666666 0.6770833333333334 0.09027777777777778 0.09027777777777778 
135 0.04513888888888889 0.12152777777777778 0.09027777777777778 0.09027777777777778 
