34 0.8645833333333334 0.13194444444444445 0.09027777777777778 0.09027777777777778 
155 0.5034722222222222 0.9479166666666666 0.09027777777777778 0.09027777777777778 
11 0.9166666666666666 0.90625 0.09027777777777778 0.09027777777777778 
116 0.8854166666666666 0.05555555555555555 0.09027777777777778 0.09027777777777778 
126 0.5347222222222222 0.8368055555555556 0.09027777777777778 0.09027777777777778 
109 0.4791666666666667 0.5381944444444444 0.09027777777777778 0.09027777777777778 
70 0.4201388888888889 0.6944444444444444 0.09027777777777778 0.09027777777777778 
101 0.8263888888888888 0.2881944444444444 0.09027777777777778 0.09027777777777778 
23 0.5243055555555556 0.08333333333333333 0.09027777777777778 0.09027777777777778 
48 0.4583333333333333 0.3020833333333333 0.09027777777777778 0.09027777777777778 
