45 0.3993055555555556 0.3125 0.09027777777777778 0.09027777777777778 
1 0.13541666666666666 0.11458333333333333 0.09027777777777778 0.09027777777777778 
155 0.125 0.2951388888888889 0.09027777777777778 0.09027777777777778 
30 0.1111111111111111 0.6979166666666666 0.09027777777777778 0.09027777777777778 
91 0.8680555555555556 0.8715277777777778 0.09027777777777778 0.09027777777777778 
14 0.4965277777777778 0.4131944444444444 0.09027777777777778 0.09027777777777778 
152 0.65625 0.19444444444444445 0.09027777777777778 0.09027777777777778 
157 0.9201388888888888 0.5625 0.09027777777777778 0.09027777777777778 
119 0.90625 0.4409722222222222 0.09027777777777778 0.09027777777777778 
69 0.7048611111111112 0.5902777777777778 0.09027777777777778 0.09027777777777778 
