23 0.28125 0.7777777777777778 0.09027777777777778 0.09027777777777778 
8 0.46875 0.3541666666666667 0.09027777777777778 0.09027777777777778 
118 0.8993055555555556 0.7083333333333334 0.09027777777777778 0.09027777777777778 
104 0.3611111111111111 0.21875 0.09027777777777778 0.09027777777777778 
121 0.4652777777777778 0.9270833333333334 0.09027777777777778 0.09027777777777778 
108 0.3125 0.5798611111111112 0.09027777777777778 0.09027777777777778 
117 0.375 0.84375 0.09027777777777778 0.09027777777777778 
118 0.3055555555555556 0.2361111111111111 0.09027777777777778 0.09027777777777778 
54 0.21875 0.20833333333333334 0.09027777777777778 0.09027777777777778 
59 0.20833333333333334 0.14583333333333334 0.09027777777777778 0.09027777777777778 
