120 0.5 0.5659722222222222 0.09027777777777778 0.09027777777777778 
137 0.1527777777777778 0.12152777777777778 0.09027777777777778 0.09027777777777778 
97 0.3055555555555556 0.8159722222222222 0.09027777777777778 0.09027777777777778 
38 0.8784722222222222 0.78125 0.09027777777777778 0.09027777777777778 
84 0.6423611111111112 0.625 0.09027777777777778 0.09027777777777778 
27 0.06597222222222222 0.1736111111111111 0.09027777777777778 0.09027777777777778 
119 0.8888888888888888 0.125 0.09027777777777778 0.09027777777777778 
30 0.1076388888888889 0.8159722222222222 0.09027777777777778 0.09027777777777778 
11 0.6423611111111112 0.3541666666666667 0.09027777777777778 0.09027777777777778 
149 0.13194444444444445 0.8958333333333334 0.09027777777777778 0.09027777777777778 
