99 0.2777777777777778 0.625 0.09027777777777778 0.09027777777777778 
24 0.5833333333333334 0.7916666666666666 0.09027777777777778 0.09027777777777778 
156 0.3854166666666667 0.7743055555555556 0.09027777777777778 0.09027777777777778 
129 0.1388888888888889 0.5486111111111112 0.09027777777777778 0.09027777777777778 
6 0.15625 0.11458333333333333 0.09027777777777778 0.09027777777777778 
51 0.4444444444444444 0.7638888888888888 0.09027777777777778 0.09027777777777778 
16 0.14930555555555555 0.2569444444444444 0.09027777777777778 0.09027777777777778 
101 0.9166666666666666 0.3159722222222222 0.09027777777777778 0.09027777777777778 
134 0.6631944444444444 0.5173611111111112 0.09027777777777778 0.09027777777777778 
13 0.6944444444444444 0.1701388888888889 0.09027777777777778 0.09027777777777778 
