52 0.8541666666666666 0.04513888888888889 0.09027777777777778 0.09027777777777778 
75 0.9236111111111112 0.9131944444444444 0.09027777777777778 0.09027777777777778 
36 0.2222222222222222 0.7777777777777778 0.09027777777777778 0.09027777777777778 
53 0.90625 0.8923611111111112 0.09027777777777778 0.09027777777777778 
10 0.9375 0.9513888888888888 0.09027777777777778 0.09027777777777778 
34 0.22569444444444445 0.2916666666666667 0.09027777777777778 0.09027777777777778 
92 0.8402777777777778 0.2638888888888889 0.09027777777777778 0.09027777777777778 
119 0.5173611111111112 0.4305555555555556 0.09027777777777778 0.09027777777777778 
19 0.6840277777777778 0.4895833333333333 0.09027777777777778 0.09027777777777778 
140 0.2743055555555556 0.9409722222222222 0.09027777777777778 0.09027777777777778 
