45 0.5868055555555556 0.6770833333333334 0.09027777777777778 0.09027777777777778 
31 0.7673611111111112 0.3680555555555556 0.09027777777777778 0.09027777777777778 
92 0.7013888888888888 0.0625 0.09027777777777778 0.09027777777777778 
34 0.1597222222222222 0.5972222222222222 0.09027777777777778 0.09027777777777778 
67 0.2569444444444444 0.1388888888888889 0.09027777777777778 0.09027777777777778 
10 0.1701388888888889 0.5347222222222222 0.09027777777777778 0.09027777777777778 
154 0.3611111111111111 0.2048611111111111 0.09027777777777778 0.09027777777777778 
37 0.16666666666666666 0.6736111111111112 0.09027777777777778 0.09027777777777778 
43 0.8611111111111112 0.9375 0.09027777777777778 0.09027777777777778 
74 0.6423611111111112 0.13541666666666666 0.09027777777777778 0.09027777777777778 
