24 0.10069444444444445 0.6111111111111112 0.09027777777777778 0.09027777777777778 
28 0.71875 0.7430555555555556 0.09027777777777778 0.09027777777777778 
71 0.3784722222222222 0.4548611111111111 0.09027777777777778 0.09027777777777778 
43 0.6597222222222222 0.5347222222222222 0.09027777777777778 0.09027777777777778 
111 0.5347222222222222 0.84375 0.09027777777777778 0.09027777777777778 
18 0.4201388888888889 0.5173611111111112 0.09027777777777778 0.09027777777777778 
136 0.2604166666666667 0.2986111111111111 0.09027777777777778 0.09027777777777778 
72 0.7013888888888888 0.4027777777777778 0.09027777777777778 0.09027777777777778 
88 0.6527777777777778 0.5451388888888888 0.09027777777777778 0.09027777777777778 
73 0.4826388888888889 0.6875 0.09027777777777778 0.09027777777777778 
