118 0.4861111111111111 0.8472222222222222 0.09027777777777778 0.09027777777777778 
81 0.3402777777777778 0.7118055555555556 0.09027777777777778 0.09027777777777778 
24 0.59375 0.8854166666666666 0.09027777777777778 0.09027777777777778 
54 0.7673611111111112 0.8611111111111112 0.09027777777777778 0.09027777777777778 
116 0.3472222222222222 0.2743055555555556 0.09027777777777778 0.09027777777777778 
29 0.5729166666666666 0.059027777777777776 0.09027777777777778 0.09027777777777778 
132 0.23958333333333334 0.16666666666666666 0.09027777777777778 0.09027777777777778 
56 0.8645833333333334 0.7986111111111112 0.09027777777777778 0.09027777777777778 
43 0.2916666666666667 0.3368055555555556 0.09027777777777778 0.09027777777777778 
17 0.6076388888888888 0.3784722222222222 0.09027777777777778 0.09027777777777778 
