129 0.3333333333333333 0.7291666666666666 0.09027777777777778 0.09027777777777778 
84 0.8159722222222222 0.90625 0.09027777777777778 0.09027777777777778 
120 0.2604166666666667 0.4722222222222222 0.09027777777777778 0.09027777777777778 
100 0.2638888888888889 0.625 0.09027777777777778 0.09027777777777778 
68 0.1423611111111111 0.3125 0.09027777777777778 0.09027777777777778 
149 0.7951388888888888 0.6354166666666666 0.09027777777777778 0.09027777777777778 
148 0.1388888888888889 0.0798611111111111 0.09027777777777778 0.09027777777777778 
36 0.24305555555555555 0.25 0.09027777777777778 0.09027777777777778 
109 0.6597222222222222 0.17708333333333334 0.09027777777777778 0.09027777777777778 
4 0.6284722222222222 0.5104166666666666 0.09027777777777778 0.09027777777777778 
