27 0.9027777777777778 0.11805555555555555 0.09027777777777778 0.09027777777777778 
84 0.3472222222222222 0.8506944444444444 0.09027777777777778 0.09027777777777778 
85 0.6875 0.9236111111111112 0.09027777777777778 0.09027777777777778 
98 0.2743055555555556 0.6458333333333334 0.09027777777777778 0.09027777777777778 
98 0.46875 0.1909722222222222 0.09027777777777778 0.09027777777777778 
140 0.3611111111111111 0.5069444444444444 0.09027777777777778 0.09027777777777778 
114 0.6041666666666666 0.6423611111111112 0.09027777777777778 0.09027777777777778 
21 0.4201388888888889 0.5972222222222222 0.09027777777777778 0.09027777777777778 
108 0.5277777777777778 0.2743055555555556 0.09027777777777778 0.09027777777777778 
89 0.4895833333333333 0.3159722222222222 0.09027777777777778 0.09027777777777778 
