43 0.8090277777777778 0.3611111111111111 0.09027777777777778 0.09027777777777778 
102 0.3055555555555556 0.7048611111111112 0.09027777777777778 0.09027777777777778 
111 0.40625 0.1111111111111111 0.09027777777777778 0.09027777777777778 
143 0.4791666666666667 0.9479166666666666 0.09027777777777778 0.09027777777777778 
50 0.4826388888888889 0.8784722222222222 0.09027777777777778 0.09027777777777778 
96 0.8194444444444444 0.34375 0.09027777777777778 0.09027777777777778 
108 0.5416666666666666 0.4444444444444444 0.09027777777777778 0.09027777777777778 
37 0.8194444444444444 0.2916666666666667 0.09027777777777778 0.09027777777777778 
56 0.2152777777777778 0.9548611111111112 0.09027777777777778 0.09027777777777778 
124 0.7569444444444444 0.5902777777777778 0.09027777777777778 0.09027777777777778 
