33 0.5729166666666666 0.5416666666666666 0.09027777777777778 0.09027777777777778 
12 0.6076388888888888 0.5069444444444444 0.09027777777777778 0.09027777777777778 
113 0.11458333333333333 0.05555555555555555 0.09027777777777778 0.09027777777777778 
133 0.375 0.8888888888888888 0.09027777777777778 0.09027777777777778 
147 0.052083333333333336 0.8125 0.09027777777777778 0.09027777777777778 
99 0.3888888888888889 0.6875 0.09027777777777778 0.09027777777777778 
35 0.78125 0.0798611111111111 0.09027777777777778 0.09027777777777778 
52 0.6180555555555556 0.6909722222222222 0.09027777777777778 0.09027777777777778 
110 0.059027777777777776 0.40625 0.09027777777777778 0.09027777777777778 
35 0.5729166666666666 0.5034722222222222 0.09027777777777778 0.09027777777777778 
