153 0.5381944444444444 0.12152777777777778 0.09027777777777778 0.09027777777777778 
16 0.7534722222222222 0.6319444444444444 0.09027777777777778 0.09027777777777778 
34 0.7465277777777778 0.2604166666666667 0.09027777777777778 0.09027777777777778 
50 0.5416666666666666 0.5659722222222222 0.09027777777777778 0.09027777777777778 
119 0.6180555555555556 0.6597222222222222 0.09027777777777778 0.09027777777777778 
122 0.7986111111111112 0.8715277777777778 0.09027777777777778 0.09027777777777778 
46 0.4201388888888889 0.8402777777777778 0.09027777777777778 0.09027777777777778 
97 0.3715277777777778 0.4583333333333333 0.09027777777777778 0.09027777777777778 
79 0.5520833333333334 0.6805555555555556 0.09027777777777778 0.09027777777777778 
114 0.7604166666666666 0.8090277777777778 0.09027777777777778 0.09027777777777778 
