114 0.2708333333333333 0.3229166666666667 0.09027777777777778 0.09027777777777778 
97 0.3611111111111111 0.7465277777777778 0.09027777777777778 0.09027777777777778 
22 0.3263888888888889 0.5659722222222222 0.09027777777777778 0.09027777777777778 
1 0.5833333333333334 0.4791666666666667 0.09027777777777778 0.09027777777777778 
93 0.1909722222222222 0.8333333333333334 0.09027777777777778 0.09027777777777778 
88 0.1423611111111111 0.1909722222222222 0.09027777777777778 0.09027777777777778 
157 0.7430555555555556 0.8090277777777778 0.09027777777777778 0.09027777777777778 
146 0.6840277777777778 0.6805555555555556 0.09027777777777778 0.09027777777777778 
46 0.4791666666666667 0.4270833333333333 0.09027777777777778 0.09027777777777778 
145 0.5763888888888888 0.1909722222222222 0.09027777777777778 0.09027777777777778 
