105 0.8611111111111112 0.3958333333333333 0.09027777777777778 0.09027777777777778 
114 0.8645833333333334 0.4166666666666667 0.09027777777777778 0.09027777777777778 
84 0.6631944444444444 0.5659722222222222 0.09027777777777778 0.09027777777777778 
154 0.53125 0.5590277777777778 0.09027777777777778 0.09027777777777778 
109 0.3888888888888889 0.8055555555555556 0.09027777777777778 0.09027777777777778 
5 0.5902777777777778 0.3368055555555556 0.09027777777777778 0.09027777777777778 
20 0.8194444444444444 0.9513888888888888 0.09027777777777778 0.09027777777777778 
122 0.9409722222222222 0.3229166666666667 0.09027777777777778 0.09027777777777778 
116 0.6388888888888888 0.9097222222222222 0.09027777777777778 0.09027777777777778 
41 0.3541666666666667 0.07291666666666667 0.09027777777777778 0.09027777777777778 
