48 0.2638888888888889 0.3298611111111111 0.09027777777777778 0.09027777777777778 
96 0.7638888888888888 0.4861111111111111 0.09027777777777778 0.09027777777777778 
90 0.3541666666666667 0.6041666666666666 0.09027777777777778 0.09027777777777778 
22 0.8020833333333334 0.7048611111111112 0.09027777777777778 0.09027777777777778 
86 0.3125 0.4652777777777778 0.09027777777777778 0.09027777777777778 
70 0.6944444444444444 0.3784722222222222 0.09027777777777778 0.09027777777777778 
149 0.1076388888888889 0.2604166666666667 0.09027777777777778 0.09027777777777778 
28 0.65625 0.46875 0.09027777777777778 0.09027777777777778 
27 0.8854166666666666 0.7604166666666666 0.09027777777777778 0.09027777777777778 
149 0.5590277777777778 0.2777777777777778 0.09027777777777778 0.09027777777777778 
