90 0.8020833333333334 0.1840277777777778 0.09027777777777778 0.09027777777777778 
38 0.1284722222222222 0.7465277777777778 0.09027777777777778 0.09027777777777778 
64 0.07291666666666667 0.5 0.09027777777777778 0.09027777777777778 
42 0.3472222222222222 0.9375 0.09027777777777778 0.09027777777777778 
14 0.4166666666666667 0.2013888888888889 0.09027777777777778 0.09027777777777778 
7 0.4236111111111111 0.5104166666666666 0.09027777777777778 0.09027777777777778 
6 0.7951388888888888 0.3819444444444444 0.09027777777777778 0.09027777777777778 
147 0.1284722222222222 0.6215277777777778 0.09027777777777778 0.09027777777777778 
101 0.8090277777777778 0.9236111111111112 0.09027777777777778 0.09027777777777778 
21 0.15625 0.2743055555555556 0.09027777777777778 0.09027777777777778 
