1 0.4583333333333333 0.7534722222222222 0.09027777777777778 0.09027777777777778 
49 0.4930555555555556 0.53125 0.09027777777777778 0.09027777777777778 
103 0.2361111111111111 0.7222222222222222 0.09027777777777778 0.09027777777777778 
63 0.22569444444444445 0.25 0.09027777777777778 0.09027777777777778 
22 0.7152777777777778 0.5069444444444444 0.09027777777777778 0.09027777777777778 
0 0.19444444444444445 0.5243055555555556 0.09027777777777778 0.09027777777777778 
151 0.3090277777777778 0.2326388888888889 0.09027777777777778 0.09027777777777778 
51 0.5486111111111112 0.2986111111111111 0.09027777777777778 0.09027777777777778 
132 0.7013888888888888 0.2048611111111111 0.09027777777777778 0.09027777777777778 
144 0.8298611111111112 0.7152777777777778 0.09027777777777778 0.09027777777777778 
