32 0.7118055555555556 0.8576388888888888 0.09027777777777778 0.09027777777777778 
64 0.3923611111111111 0.2777777777777778 0.09027777777777778 0.09027777777777778 
122 0.13194444444444445 0.7604166666666666 0.09027777777777778 0.09027777777777778 
85 0.3125 0.3263888888888889 0.09027777777777778 0.09027777777777778 
67 0.6701388888888888 0.8854166666666666 0.09027777777777778 0.09027777777777778 
79 0.06597222222222222 0.8506944444444444 0.09027777777777778 0.09027777777777778 
31 0.59375 0.052083333333333336 0.09027777777777778 0.09027777777777778 
31 0.2361111111111111 0.6527777777777778 0.09027777777777778 0.09027777777777778 
135 0.9131944444444444 0.7569444444444444 0.09027777777777778 0.09027777777777778 
79 0.5451388888888888 0.9236111111111112 0.09027777777777778 0.09027777777777778 
