153 0.6701388888888888 0.6805555555555556 0.09027777777777778 0.09027777777777778 
43 0.7222222222222222 0.4895833333333333 0.09027777777777778 0.09027777777777778 
33 0.08333333333333333 0.3888888888888889 0.09027777777777778 0.09027777777777778 
145 0.5868055555555556 0.23958333333333334 0.09027777777777778 0.09027777777777778 
156 0.4791666666666667 0.2361111111111111 0.09027777777777778 0.09027777777777778 
141 0.5555555555555556 0.7743055555555556 0.09027777777777778 0.09027777777777778 
55 0.4236111111111111 0.17708333333333334 0.09027777777777778 0.09027777777777778 
153 0.2048611111111111 0.7881944444444444 0.09027777777777778 0.09027777777777778 
141 0.5868055555555556 0.5 0.09027777777777778 0.09027777777777778 
126 0.2847222222222222 0.6944444444444444 0.09027777777777778 0.09027777777777778 
