106 0.3194444444444444 0.16319444444444445 0.09027777777777778 0.09027777777777778 
67 0.2152777777777778 0.10069444444444445 0.09027777777777778 0.09027777777777778 
44 0.5069444444444444 0.5138888888888888 0.09027777777777778 0.09027777777777778 
52 0.6597222222222222 0.5034722222222222 0.09027777777777778 0.09027777777777778 
5 0.7916666666666666 0.6597222222222222 0.09027777777777778 0.09027777777777778 
94 0.1111111111111111 0.3298611111111111 0.09027777777777778 0.09027777777777778 
44 0.24305555555555555 0.8159722222222222 0.09027777777777778 0.09027777777777778 
20 0.3888888888888889 0.11805555555555555 0.09027777777777778 0.09027777777777778 
43 0.7986111111111112 0.5173611111111112 0.09027777777777778 0.09027777777777778 
65 0.9201388888888888 0.14930555555555555 0.09027777777777778 0.09027777777777778 
