128 0.8263888888888888 0.9270833333333334 0.09027777777777778 0.09027777777777778 
84 0.8715277777777778 0.5590277777777778 0.09027777777777778 0.09027777777777778 
51 0.8854166666666666 0.5277777777777778 0.09027777777777778 0.09027777777777778 
98 0.5208333333333334 0.53125 0.09027777777777778 0.09027777777777778 
143 0.20833333333333334 0.3229166666666667 0.09027777777777778 0.09027777777777778 
152 0.9027777777777778 0.7256944444444444 0.09027777777777778 0.09027777777777778 
65 0.3993055555555556 0.8611111111111112 0.09027777777777778 0.09027777777777778 
99 0.4097222222222222 0.25 0.09027777777777778 0.09027777777777778 
84 0.6284722222222222 0.6701388888888888 0.09027777777777778 0.09027777777777778 
34 0.3680555555555556 0.3194444444444444 0.09027777777777778 0.09027777777777778 
