57 0.5555555555555556 0.05555555555555555 0.09027777777777778 0.09027777777777778 
87 0.04861111111111111 0.4895833333333333 0.09027777777777778 0.09027777777777778 
147 0.8194444444444444 0.7604166666666666 0.09027777777777778 0.09027777777777778 
25 0.7326388888888888 0.78125 0.09027777777777778 0.09027777777777778 
1 0.90625 0.8854166666666666 0.09027777777777778 0.09027777777777778 
96 0.2604166666666667 0.22569444444444445 0.09027777777777778 0.09027777777777778 
130 0.4930555555555556 0.4097222222222222 0.09027777777777778 0.09027777777777778 
54 0.052083333333333336 0.18055555555555555 0.09027777777777778 0.09027777777777778 
14 0.1736111111111111 0.1701388888888889 0.09027777777777778 0.09027777777777778 
46 0.3298611111111111 0.24305555555555555 0.09027777777777778 0.09027777777777778 
