55 0.23958333333333334 0.2048611111111111 0.09027777777777778 0.09027777777777778 
137 0.875 0.7881944444444444 0.09027777777777778 0.09027777777777778 
65 0.8680555555555556 0.7777777777777778 0.09027777777777778 0.09027777777777778 
75 0.7569444444444444 0.3090277777777778 0.09027777777777778 0.09027777777777778 
92 0.3819444444444444 0.21180555555555555 0.09027777777777778 0.09027777777777778 
68 0.5069444444444444 0.7916666666666666 0.09027777777777778 0.09027777777777778 
128 0.8645833333333334 0.9340277777777778 0.09027777777777778 0.09027777777777778 
31 0.4861111111111111 0.5694444444444444 0.09027777777777778 0.09027777777777778 
31 0.0625 0.4513888888888889 0.09027777777777778 0.09027777777777778 
42 0.3854166666666667 0.2361111111111111 0.09027777777777778 0.09027777777777778 
