75 0.6527777777777778 0.13194444444444445 0.09027777777777778 0.09027777777777778 
99 0.5868055555555556 0.6458333333333334 0.09027777777777778 0.09027777777777778 
63 0.7465277777777778 0.6111111111111112 0.09027777777777778 0.09027777777777778 
8 0.15625 0.3645833333333333 0.09027777777777778 0.09027777777777778 
120 0.16319444444444445 0.8090277777777778 0.09027777777777778 0.09027777777777778 
5 0.9305555555555556 0.2777777777777778 0.09027777777777778 0.09027777777777778 
56 0.6423611111111112 0.13194444444444445 0.09027777777777778 0.09027777777777778 
150 0.59375 0.8090277777777778 0.09027777777777778 0.09027777777777778 
29 0.2465277777777778 0.1840277777777778 0.09027777777777778 0.09027777777777778 
155 0.4513888888888889 0.7673611111111112 0.09027777777777778 0.09027777777777778 
