35 0.5694444444444444 0.7881944444444444 0.09027777777777778 0.09027777777777778 
58 0.09722222222222222 0.4131944444444444 0.09027777777777778 0.09027777777777778 
143 0.0625 0.4861111111111111 0.09027777777777778 0.09027777777777778 
33 0.7256944444444444 0.3923611111111111 0.09027777777777778 0.09027777777777778 
138 0.3055555555555556 0.5659722222222222 0.09027777777777778 0.09027777777777778 
139 0.3506944444444444 0.8298611111111112 0.09027777777777778 0.09027777777777778 
109 0.2847222222222222 0.5034722222222222 0.09027777777777778 0.09027777777777778 
32 0.14930555555555555 0.5104166666666666 0.09027777777777778 0.09027777777777778 
41 0.8263888888888888 0.6909722222222222 0.09027777777777778 0.09027777777777778 
134 0.9409722222222222 0.9131944444444444 0.09027777777777778 0.09027777777777778 
