109 0.4479166666666667 0.8888888888888888 0.09027777777777778 0.09027777777777778 
144 0.7152777777777778 0.6006944444444444 0.09027777777777778 0.09027777777777778 
37 0.4270833333333333 0.2916666666666667 0.09027777777777778 0.09027777777777778 
128 0.1597222222222222 0.4236111111111111 0.09027777777777778 0.09027777777777778 
17 0.07291666666666667 0.2777777777777778 0.09027777777777778 0.09027777777777778 
75 0.5104166666666666 0.7256944444444444 0.09027777777777778 0.09027777777777778 
134 0.11805555555555555 0.5104166666666666 0.09027777777777778 0.09027777777777778 
59 0.7222222222222222 0.16319444444444445 0.09027777777777778 0.09027777777777778 
20 0.15625 0.2638888888888889 0.09027777777777778 0.09027777777777778 
84 0.5 0.9305555555555556 0.09027777777777778 0.09027777777777778 
