141 0.3263888888888889 0.65625 0.09027777777777778 0.09027777777777778 
18 0.7465277777777778 0.2638888888888889 0.09027777777777778 0.09027777777777778 
67 0.7256944444444444 0.7291666666666666 0.09027777777777778 0.09027777777777778 
80 0.40625 0.08333333333333333 0.09027777777777778 0.09027777777777778 
88 0.1875 0.7743055555555556 0.09027777777777778 0.09027777777777778 
67 0.20833333333333334 0.21875 0.09027777777777778 0.09027777777777778 
53 0.08680555555555555 0.4375 0.09027777777777778 0.09027777777777778 
111 0.4756944444444444 0.4479166666666667 0.09027777777777778 0.09027777777777778 
70 0.3402777777777778 0.71875 0.09027777777777778 0.09027777777777778 
95 0.9444444444444444 0.8472222222222222 0.09027777777777778 0.09027777777777778 
