135 0.875 0.3472222222222222 0.09027777777777778 0.09027777777777778 
76 0.5520833333333334 0.4131944444444444 0.09027777777777778 0.09027777777777778 
53 0.3541666666666667 0.5520833333333334 0.09027777777777778 0.09027777777777778 
22 0.08680555555555555 0.4166666666666667 0.09027777777777778 0.09027777777777778 
37 0.3680555555555556 0.5069444444444444 0.09027777777777778 0.09027777777777778 
122 0.2708333333333333 0.6493055555555556 0.09027777777777778 0.09027777777777778 
0 0.7604166666666666 0.18055555555555555 0.09027777777777778 0.09027777777777778 
121 0.08333333333333333 0.8472222222222222 0.09027777777777778 0.09027777777777778 
19 0.5625 0.3194444444444444 0.09027777777777778 0.09027777777777778 
150 0.09375 0.6076388888888888 0.09027777777777778 0.09027777777777778 
