89 0.78125 0.1076388888888889 0.09027777777777778 0.09027777777777778 
49 0.5520833333333334 0.8368055555555556 0.09027777777777778 0.09027777777777778 
2 0.2708333333333333 0.5486111111111112 0.09027777777777778 0.09027777777777778 
156 0.7673611111111112 0.3715277777777778 0.09027777777777778 0.09027777777777778 
8 0.05555555555555555 0.34375 0.09027777777777778 0.09027777777777778 
41 0.375 0.6180555555555556 0.09027777777777778 0.09027777777777778 
155 0.2951388888888889 0.5173611111111112 0.09027777777777778 0.09027777777777778 
75 0.5520833333333334 0.3229166666666667 0.09027777777777778 0.09027777777777778 
25 0.0625 0.5 0.09027777777777778 0.09027777777777778 
6 0.65625 0.6145833333333334 0.09027777777777778 0.09027777777777778 
