67 0.4513888888888889 0.8090277777777778 0.09027777777777778 0.09027777777777778 
10 0.78125 0.3368055555555556 0.09027777777777778 0.09027777777777778 
61 0.0625 0.9236111111111112 0.09027777777777778 0.09027777777777778 
136 0.5590277777777778 0.5173611111111112 0.09027777777777778 0.09027777777777778 
50 0.3298611111111111 0.7534722222222222 0.09027777777777778 0.09027777777777778 
106 0.9027777777777778 0.6840277777777778 0.09027777777777778 0.09027777777777778 
72 0.8368055555555556 0.8993055555555556 0.09027777777777778 0.09027777777777778 
89 0.14930555555555555 0.6527777777777778 0.09027777777777778 0.09027777777777778 
135 0.3541666666666667 0.22916666666666666 0.09027777777777778 0.09027777777777778 
22 0.8819444444444444 0.2951388888888889 0.09027777777777778 0.09027777777777778 
