6 0.8541666666666666 0.14583333333333334 0.09027777777777778 0.09027777777777778 
95 0.4270833333333333 0.23958333333333334 0.09027777777777778 0.09027777777777778 
5 0.9201388888888888 0.7048611111111112 0.09027777777777778 0.09027777777777778 
2 0.3263888888888889 0.9409722222222222 0.09027777777777778 0.09027777777777778 
151 0.8125 0.4722222222222222 0.09027777777777778 0.09027777777777778 
41 0.4791666666666667 0.09027777777777778 0.09027777777777778 0.09027777777777778 
119 0.8472222222222222 0.5694444444444444 0.09027777777777778 0.09027777777777778 
42 0.375 0.125 0.09027777777777778 0.09027777777777778 
7 0.4861111111111111 0.28125 0.09027777777777778 0.09027777777777778 
6 0.8993055555555556 0.8368055555555556 0.09027777777777778 0.09027777777777778 
