134 0.3993055555555556 0.5625 0.09027777777777778 0.09027777777777778 
27 0.1597222222222222 0.59375 0.09027777777777778 0.09027777777777778 
5 0.8888888888888888 0.6840277777777778 0.09027777777777778 0.09027777777777778 
53 0.8263888888888888 0.22916666666666666 0.09027777777777778 0.09027777777777778 
70 0.3715277777777778 0.8368055555555556 0.09027777777777778 0.09027777777777778 
121 0.1597222222222222 0.5347222222222222 0.09027777777777778 0.09027777777777778 
95 0.6875 0.10069444444444445 0.09027777777777778 0.09027777777777778 
90 0.14583333333333334 0.6597222222222222 0.09027777777777778 0.09027777777777778 
12 0.7777777777777778 0.1076388888888889 0.09027777777777778 0.09027777777777778 
80 0.2777777777777778 0.5486111111111112 0.09027777777777778 0.09027777777777778 
