91 0.2951388888888889 0.3368055555555556 0.09027777777777778 0.09027777777777778 
110 0.4409722222222222 0.3541666666666667 0.09027777777777778 0.09027777777777778 
4 0.1909722222222222 0.1388888888888889 0.09027777777777778 0.09027777777777778 
5 0.5104166666666666 0.052083333333333336 0.09027777777777778 0.09027777777777778 
26 0.2152777777777778 0.5902777777777778 0.09027777777777778 0.09027777777777778 
61 0.4583333333333333 0.2916666666666667 0.09027777777777778 0.09027777777777778 
40 0.5173611111111112 0.19444444444444445 0.09027777777777778 0.09027777777777778 
8 0.4756944444444444 0.1111111111111111 0.09027777777777778 0.09027777777777778 
63 0.3402777777777778 0.125 0.09027777777777778 0.09027777777777778 
21 0.7361111111111112 0.7986111111111112 0.09027777777777778 0.09027777777777778 
