28 0.1423611111111111 0.23958333333333334 0.09027777777777778 0.09027777777777778 
12 0.2569444444444444 0.13541666666666666 0.09027777777777778 0.09027777777777778 
32 0.5208333333333334 0.5659722222222222 0.09027777777777778 0.09027777777777778 
51 0.7326388888888888 0.6006944444444444 0.09027777777777778 0.09027777777777778 
129 0.3194444444444444 0.6284722222222222 0.09027777777777778 0.09027777777777778 
127 0.6458333333333334 0.4583333333333333 0.09027777777777778 0.09027777777777778 
8 0.2361111111111111 0.3298611111111111 0.09027777777777778 0.09027777777777778 
130 0.07291666666666667 0.7743055555555556 0.09027777777777778 0.09027777777777778 
94 0.2326388888888889 0.1597222222222222 0.09027777777777778 0.09027777777777778 
60 0.7777777777777778 0.3229166666666667 0.09027777777777778 0.09027777777777778 
