57 0.7465277777777778 0.2534722222222222 0.09027777777777778 0.09027777777777778 
81 0.7673611111111112 0.20833333333333334 0.09027777777777778 0.09027777777777778 
141 0.9305555555555556 0.9305555555555556 0.09027777777777778 0.09027777777777778 
73 0.19444444444444445 0.5798611111111112 0.09027777777777778 0.09027777777777778 
2 0.6145833333333334 0.8611111111111112 0.09027777777777778 0.09027777777777778 
136 0.5138888888888888 0.40625 0.09027777777777778 0.09027777777777778 
136 0.9166666666666666 0.1284722222222222 0.09027777777777778 0.09027777777777778 
49 0.8576388888888888 0.7951388888888888 0.09027777777777778 0.09027777777777778 
17 0.4305555555555556 0.6388888888888888 0.09027777777777778 0.09027777777777778 
143 0.1111111111111111 0.052083333333333336 0.09027777777777778 0.09027777777777778 
