22 0.9548611111111112 0.5138888888888888 0.09027777777777778 0.09027777777777778 
20 0.7743055555555556 0.9479166666666666 0.09027777777777778 0.09027777777777778 
65 0.6527777777777778 0.3888888888888889 0.09027777777777778 0.09027777777777778 
67 0.7152777777777778 0.6284722222222222 0.09027777777777778 0.09027777777777778 
129 0.8923611111111112 0.7569444444444444 0.09027777777777778 0.09027777777777778 
7 0.5104166666666666 0.4826388888888889 0.09027777777777778 0.09027777777777778 
83 0.9097222222222222 0.10069444444444445 0.09027777777777778 0.09027777777777778 
81 0.2951388888888889 0.5902777777777778 0.09027777777777778 0.09027777777777778 
142 0.4270833333333333 0.5868055555555556 0.09027777777777778 0.09027777777777778 
20 0.4340277777777778 0.3333333333333333 0.09027777777777778 0.09027777777777778 
