61 0.6180555555555556 0.4340277777777778 0.09027777777777778 0.09027777777777778 
42 0.4340277777777778 0.7083333333333334 0.09027777777777778 0.09027777777777778 
41 0.6527777777777778 0.28125 0.09027777777777778 0.09027777777777778 
112 0.6770833333333334 0.7083333333333334 0.09027777777777778 0.09027777777777778 
109 0.8194444444444444 0.7222222222222222 0.09027777777777778 0.09027777777777778 
41 0.625 0.3472222222222222 0.09027777777777778 0.09027777777777778 
4 0.4791666666666667 0.16319444444444445 0.09027777777777778 0.09027777777777778 
120 0.6388888888888888 0.5 0.09027777777777778 0.09027777777777778 
3 0.6180555555555556 0.2847222222222222 0.09027777777777778 0.09027777777777778 
45 0.2881944444444444 0.6666666666666666 0.09027777777777778 0.09027777777777778 
