57 0.3298611111111111 0.6215277777777778 0.09027777777777778 0.09027777777777778 
107 0.65625 0.8923611111111112 0.09027777777777778 0.09027777777777778 
97 0.25 0.7986111111111112 0.09027777777777778 0.09027777777777778 
144 0.5243055555555556 0.13194444444444445 0.09027777777777778 0.09027777777777778 
113 0.5104166666666666 0.8472222222222222 0.09027777777777778 0.09027777777777778 
92 0.65625 0.7638888888888888 0.09027777777777778 0.09027777777777778 
57 0.9513888888888888 0.2048611111111111 0.09027777777777778 0.09027777777777778 
106 0.3888888888888889 0.3125 0.09027777777777778 0.09027777777777778 
140 0.7430555555555556 0.3993055555555556 0.09027777777777778 0.09027777777777778 
6 0.3263888888888889 0.78125 0.09027777777777778 0.09027777777777778 
