41 0.7604166666666666 0.9201388888888888 0.09027777777777778 0.09027777777777778 
104 0.3333333333333333 0.6423611111111112 0.09027777777777778 0.09027777777777778 
68 0.46875 0.2222222222222222 0.09027777777777778 0.09027777777777778 
130 0.6458333333333334 0.2743055555555556 0.09027777777777778 0.09027777777777778 
147 0.2152777777777778 0.10069444444444445 0.09027777777777778 0.09027777777777778 
152 0.8159722222222222 0.0798611111111111 0.09027777777777778 0.09027777777777778 
9 0.7118055555555556 0.25 0.09027777777777778 0.09027777777777778 
151 0.9097222222222222 0.5763888888888888 0.09027777777777778 0.09027777777777778 
119 0.8229166666666666 0.8506944444444444 0.09027777777777778 0.09027777777777778 
21 0.6701388888888888 0.5486111111111112 0.09027777777777778 0.09027777777777778 
