115 0.5034722222222222 0.08333333333333333 0.09027777777777778 0.09027777777777778 
98 0.3055555555555556 0.14930555555555555 0.09027777777777778 0.09027777777777778 
111 0.9548611111111112 0.0763888888888889 0.09027777777777778 0.09027777777777778 
156 0.6215277777777778 0.3333333333333333 0.09027777777777778 0.09027777777777778 
146 0.9409722222222222 0.6145833333333334 0.09027777777777778 0.09027777777777778 
60 0.8680555555555556 0.4791666666666667 0.09027777777777778 0.09027777777777778 
76 0.8784722222222222 0.7222222222222222 0.09027777777777778 0.09027777777777778 
137 0.7708333333333334 0.9270833333333334 0.09027777777777778 0.09027777777777778 
123 0.6215277777777778 0.2881944444444444 0.09027777777777778 0.09027777777777778 
151 0.8333333333333334 0.3125 0.09027777777777778 0.09027777777777778 
