142 0.3715277777777778 0.5243055555555556 0.09027777777777778 0.09027777777777778 
7 0.7638888888888888 0.9513888888888888 0.09027777777777778 0.09027777777777778 
76 0.3263888888888889 0.13541666666666666 0.09027777777777778 0.09027777777777778 
6 0.3784722222222222 0.1111111111111111 0.09027777777777778 0.09027777777777778 
151 0.1840277777777778 0.3645833333333333 0.09027777777777778 0.09027777777777778 
34 0.052083333333333336 0.4756944444444444 0.09027777777777778 0.09027777777777778 
154 0.6111111111111112 0.6909722222222222 0.09027777777777778 0.09027777777777778 
20 0.40625 0.4756944444444444 0.09027777777777778 0.09027777777777778 
80 0.6597222222222222 0.4513888888888889 0.09027777777777778 0.09027777777777778 
12 0.4375 0.5034722222222222 0.09027777777777778 0.09027777777777778 
