100 0.16319444444444445 0.2777777777777778 0.09027777777777778 0.09027777777777778 
57 0.5243055555555556 0.4479166666666667 0.09027777777777778 0.09027777777777778 
154 0.8541666666666666 0.25 0.09027777777777778 0.09027777777777778 
51 0.4791666666666667 0.8680555555555556 0.09027777777777778 0.09027777777777778 
123 0.2916666666666667 0.7430555555555556 0.09027777777777778 0.09027777777777778 
99 0.17708333333333334 0.9236111111111112 0.09027777777777778 0.09027777777777778 
73 0.7534722222222222 0.8680555555555556 0.09027777777777778 0.09027777777777778 
19 0.8368055555555556 0.9444444444444444 0.09027777777777778 0.09027777777777778 
117 0.7222222222222222 0.5798611111111112 0.09027777777777778 0.09027777777777778 
32 0.8402777777777778 0.8368055555555556 0.09027777777777778 0.09027777777777778 
