93 0.4965277777777778 0.3576388888888889 0.09027777777777778 0.09027777777777778 
87 0.5798611111111112 0.4895833333333333 0.09027777777777778 0.09027777777777778 
143 0.2326388888888889 0.4131944444444444 0.09027777777777778 0.09027777777777778 
58 0.7430555555555556 0.8159722222222222 0.09027777777777778 0.09027777777777778 
141 0.6111111111111112 0.6284722222222222 0.09027777777777778 0.09027777777777778 
126 0.2604166666666667 0.4479166666666667 0.09027777777777778 0.09027777777777778 
44 0.7048611111111112 0.5902777777777778 0.09027777777777778 0.09027777777777778 
29 0.9166666666666666 0.4201388888888889 0.09027777777777778 0.09027777777777778 
86 0.5138888888888888 0.9479166666666666 0.09027777777777778 0.09027777777777778 
127 0.8298611111111112 0.3506944444444444 0.09027777777777778 0.09027777777777778 
