75 0.40625 0.9340277777777778 0.09027777777777778 0.09027777777777778 
114 0.3229166666666667 0.09375 0.09027777777777778 0.09027777777777778 
69 0.05555555555555555 0.2708333333333333 0.09027777777777778 0.09027777777777778 
130 0.6770833333333334 0.19444444444444445 0.09027777777777778 0.09027777777777778 
15 0.3819444444444444 0.7638888888888888 0.09027777777777778 0.09027777777777778 
105 0.11805555555555555 0.8923611111111112 0.09027777777777778 0.09027777777777778 
78 0.3229166666666667 0.5555555555555556 0.09027777777777778 0.09027777777777778 
5 0.05555555555555555 0.6666666666666666 0.09027777777777778 0.09027777777777778 
75 0.1840277777777778 0.3333333333333333 0.09027777777777778 0.09027777777777778 
95 0.6770833333333334 0.7395833333333334 0.09027777777777778 0.09027777777777778 
