55 0.5729166666666666 0.23958333333333334 0.09027777777777778 0.09027777777777778 
133 0.14583333333333334 0.625 0.09027777777777778 0.09027777777777778 
97 0.6666666666666666 0.3368055555555556 0.09027777777777778 0.09027777777777778 
46 0.6111111111111112 0.7986111111111112 0.09027777777777778 0.09027777777777778 
5 0.6319444444444444 0.7951388888888888 0.09027777777777778 0.09027777777777778 
150 0.5520833333333334 0.07291666666666667 0.09027777777777778 0.09027777777777778 
5 0.1736111111111111 0.6840277777777778 0.09027777777777778 0.09027777777777778 
88 0.3402777777777778 0.3576388888888889 0.09027777777777778 0.09027777777777778 
53 0.5451388888888888 0.24305555555555555 0.09027777777777778 0.09027777777777778 
90 0.6979166666666666 0.5104166666666666 0.09027777777777778 0.09027777777777778 
