22 0.19444444444444445 0.8159722222222222 0.09027777777777778 0.09027777777777778 
22 0.08680555555555555 0.2604166666666667 0.09027777777777778 0.09027777777777778 
135 0.7708333333333334 0.8958333333333334 0.09027777777777778 0.09027777777777778 
103 0.6145833333333334 0.6701388888888888 0.09027777777777778 0.09027777777777778 
9 0.7361111111111112 0.3576388888888889 0.09027777777777778 0.09027777777777778 
32 0.8020833333333334 0.7465277777777778 0.09027777777777778 0.09027777777777778 
25 0.3819444444444444 0.4861111111111111 0.09027777777777778 0.09027777777777778 
96 0.5972222222222222 0.8020833333333334 0.09027777777777778 0.09027777777777778 
103 0.3715277777777778 0.8888888888888888 0.09027777777777778 0.09027777777777778 
60 0.8819444444444444 0.3854166666666667 0.09027777777777778 0.09027777777777778 
