111 0.3854166666666667 0.4861111111111111 0.09027777777777778 0.09027777777777778 
142 0.6041666666666666 0.3020833333333333 0.09027777777777778 0.09027777777777778 
140 0.3993055555555556 0.7013888888888888 0.09027777777777778 0.09027777777777778 
122 0.53125 0.14583333333333334 0.09027777777777778 0.09027777777777778 
129 0.4375 0.4375 0.09027777777777778 0.09027777777777778 
77 0.06944444444444445 0.4201388888888889 0.09027777777777778 0.09027777777777778 
48 0.7604166666666666 0.052083333333333336 0.09027777777777778 0.09027777777777778 
20 0.16666666666666666 0.2465277777777778 0.09027777777777778 0.09027777777777778 
52 0.5625 0.5694444444444444 0.09027777777777778 0.09027777777777778 
15 0.2847222222222222 0.2534722222222222 0.09027777777777778 0.09027777777777778 
