21 0.46875 0.8680555555555556 0.09027777777777778 0.09027777777777778 
8 0.7951388888888888 0.17708333333333334 0.09027777777777778 0.09027777777777778 
143 0.84375 0.5416666666666666 0.09027777777777778 0.09027777777777778 
56 0.9340277777777778 0.6423611111111112 0.09027777777777778 0.09027777777777778 
70 0.3263888888888889 0.5902777777777778 0.09027777777777778 0.09027777777777778 
72 0.4826388888888889 0.3645833333333333 0.09027777777777778 0.09027777777777778 
139 0.6527777777777778 0.20833333333333334 0.09027777777777778 0.09027777777777778 
157 0.7881944444444444 0.3993055555555556 0.09027777777777778 0.09027777777777778 
26 0.78125 0.2673611111111111 0.09027777777777778 0.09027777777777778 
5 0.2361111111111111 0.5104166666666666 0.09027777777777778 0.09027777777777778 
