146 0.5659722222222222 0.59375 0.09027777777777778 0.09027777777777778 
109 0.20833333333333334 0.6388888888888888 0.09027777777777778 0.09027777777777778 
129 0.2708333333333333 0.5381944444444444 0.09027777777777778 0.09027777777777778 
110 0.6111111111111112 0.5208333333333334 0.09027777777777778 0.09027777777777778 
140 0.3298611111111111 0.3159722222222222 0.09027777777777778 0.09027777777777778 
50 0.6840277777777778 0.1840277777777778 0.09027777777777778 0.09027777777777778 
36 0.8402777777777778 0.8923611111111112 0.09027777777777778 0.09027777777777778 
133 0.6875 0.2048611111111111 0.09027777777777778 0.09027777777777778 
67 0.10416666666666667 0.6076388888888888 0.09027777777777778 0.09027777777777778 
93 0.9166666666666666 0.4965277777777778 0.09027777777777778 0.09027777777777778 
