98 0.6701388888888888 0.9305555555555556 0.09027777777777778 0.09027777777777778 
46 0.3090277777777778 0.8263888888888888 0.09027777777777778 0.09027777777777778 
4 0.8993055555555556 0.8125 0.09027777777777778 0.09027777777777778 
17 0.1423611111111111 0.1388888888888889 0.09027777777777778 0.09027777777777778 
1 0.5659722222222222 0.1076388888888889 0.09027777777777778 0.09027777777777778 
53 0.5277777777777778 0.08333333333333333 0.09027777777777778 0.09027777777777778 
155 0.9340277777777778 0.18055555555555555 0.09027777777777778 0.09027777777777778 
10 0.7013888888888888 0.24305555555555555 0.09027777777777778 0.09027777777777778 
46 0.5208333333333334 0.8090277777777778 0.09027777777777778 0.09027777777777778 
39 0.2048611111111111 0.20833333333333334 0.09027777777777778 0.09027777777777778 
