119 0.5277777777777778 0.6979166666666666 0.09027777777777778 0.09027777777777778 
113 0.6527777777777778 0.3159722222222222 0.09027777777777778 0.09027777777777778 
103 0.1284722222222222 0.22916666666666666 0.09027777777777778 0.09027777777777778 
104 0.7916666666666666 0.6319444444444444 0.09027777777777778 0.09027777777777778 
36 0.2048611111111111 0.8611111111111112 0.09027777777777778 0.09027777777777778 
152 0.5208333333333334 0.9166666666666666 0.09027777777777778 0.09027777777777778 
87 0.6423611111111112 0.2604166666666667 0.09027777777777778 0.09027777777777778 
34 0.4791666666666667 0.8923611111111112 0.09027777777777778 0.09027777777777778 
48 0.7881944444444444 0.5034722222222222 0.09027777777777778 0.09027777777777778 
84 0.7673611111111112 0.8576388888888888 0.09027777777777778 0.09027777777777778 
