103 0.8888888888888888 0.2152777777777778 0.09027777777777778 0.09027777777777778 
86 0.3541666666666667 0.6319444444444444 0.09027777777777778 0.09027777777777778 
114 0.3888888888888889 0.5763888888888888 0.09027777777777778 0.09027777777777778 
47 0.9409722222222222 0.8090277777777778 0.09027777777777778 0.09027777777777778 
33 0.46875 0.4895833333333333 0.09027777777777778 0.09027777777777778 
33 0.18055555555555555 0.4131944444444444 0.09027777777777778 0.09027777777777778 
125 0.2604166666666667 0.5486111111111112 0.09027777777777778 0.09027777777777778 
113 0.13541666666666666 0.18055555555555555 0.09027777777777778 0.09027777777777778 
46 0.53125 0.375 0.09027777777777778 0.09027777777777778 
92 0.625 0.9340277777777778 0.09027777777777778 0.09027777777777778 
