107 0.8090277777777778 0.5069444444444444 0.09027777777777778 0.09027777777777778 
112 0.1875 0.5069444444444444 0.09027777777777778 0.09027777777777778 
98 0.7118055555555556 0.6111111111111112 0.09027777777777778 0.09027777777777778 
81 0.5868055555555556 0.052083333333333336 0.09027777777777778 0.09027777777777778 
38 0.8888888888888888 0.19444444444444445 0.09027777777777778 0.09027777777777778 
32 0.7951388888888888 0.5486111111111112 0.09027777777777778 0.09027777777777778 
16 0.19791666666666666 0.65625 0.09027777777777778 0.09027777777777778 
99 0.8923611111111112 0.8611111111111112 0.09027777777777778 0.09027777777777778 
116 0.2951388888888889 0.7881944444444444 0.09027777777777778 0.09027777777777778 
121 0.4479166666666667 0.2916666666666667 0.09027777777777778 0.09027777777777778 
