69 0.6006944444444444 0.4791666666666667 0.09027777777777778 0.09027777777777778 
63 0.14583333333333334 0.6666666666666666 0.09027777777777778 0.09027777777777778 
133 0.7777777777777778 0.6145833333333334 0.09027777777777778 0.09027777777777778 
37 0.8055555555555556 0.8333333333333334 0.09027777777777778 0.09027777777777778 
39 0.9027777777777778 0.4895833333333333 0.09027777777777778 0.09027777777777778 
80 0.6284722222222222 0.9409722222222222 0.09027777777777778 0.09027777777777778 
24 0.8090277777777778 0.2951388888888889 0.09027777777777778 0.09027777777777778 
124 0.1423611111111111 0.8020833333333334 0.09027777777777778 0.09027777777777778 
131 0.5381944444444444 0.1840277777777778 0.09027777777777778 0.09027777777777778 
124 0.6458333333333334 0.08680555555555555 0.09027777777777778 0.09027777777777778 
