115 0.2881944444444444 0.6458333333333334 0.09027777777777778 0.09027777777777778 
68 0.5034722222222222 0.12152777777777778 0.09027777777777778 0.09027777777777778 
82 0.8645833333333334 0.4270833333333333 0.09027777777777778 0.09027777777777778 
56 0.7638888888888888 0.6701388888888888 0.09027777777777778 0.09027777777777778 
138 0.7604166666666666 0.5 0.09027777777777778 0.09027777777777778 
15 0.3090277777777778 0.2777777777777778 0.09027777777777778 0.09027777777777778 
105 0.7673611111111112 0.3576388888888889 0.09027777777777778 0.09027777777777778 
139 0.1736111111111111 0.7673611111111112 0.09027777777777778 0.09027777777777778 
84 0.7743055555555556 0.0798611111111111 0.09027777777777778 0.09027777777777778 
151 0.7118055555555556 0.5798611111111112 0.09027777777777778 0.09027777777777778 
