130 0.20833333333333334 0.05555555555555555 0.09027777777777778 0.09027777777777778 
144 0.2604166666666667 0.2222222222222222 0.09027777777777778 0.09027777777777778 
26 0.5868055555555556 0.6944444444444444 0.09027777777777778 0.09027777777777778 
139 0.3854166666666667 0.2152777777777778 0.09027777777777778 0.09027777777777778 
34 0.84375 0.28125 0.09027777777777778 0.09027777777777778 
70 0.8472222222222222 0.4340277777777778 0.09027777777777778 0.09027777777777778 
123 0.7291666666666666 0.7673611111111112 0.09027777777777778 0.09027777777777778 
33 0.875 0.625 0.09027777777777778 0.09027777777777778 
19 0.2847222222222222 0.7916666666666666 0.09027777777777778 0.09027777777777778 
62 0.3715277777777778 0.8055555555555556 0.09027777777777778 0.09027777777777778 
