132 0.8090277777777778 0.7534722222222222 0.09027777777777778 0.09027777777777778 
73 0.052083333333333336 0.59375 0.09027777777777778 0.09027777777777778 
154 0.052083333333333336 0.06597222222222222 0.09027777777777778 0.09027777777777778 
44 0.25 0.1111111111111111 0.09027777777777778 0.09027777777777778 
70 0.9375 0.75 0.09027777777777778 0.09027777777777778 
34 0.6458333333333334 0.1527777777777778 0.09027777777777778 0.09027777777777778 
47 0.7361111111111112 0.5868055555555556 0.09027777777777778 0.09027777777777778 
132 0.16319444444444445 0.8368055555555556 0.09027777777777778 0.09027777777777778 
130 0.7881944444444444 0.3993055555555556 0.09027777777777778 0.09027777777777778 
56 0.8472222222222222 0.3055555555555556 0.09027777777777778 0.09027777777777778 
