110 0.0798611111111111 0.7430555555555556 0.09027777777777778 0.09027777777777778 
90 0.6631944444444444 0.14930555555555555 0.09027777777777778 0.09027777777777778 
134 0.5138888888888888 0.8854166666666666 0.09027777777777778 0.09027777777777778 
37 0.5902777777777778 0.375 0.09027777777777778 0.09027777777777778 
24 0.5451388888888888 0.4409722222222222 0.09027777777777778 0.09027777777777778 
118 0.13541666666666666 0.5868055555555556 0.09027777777777778 0.09027777777777778 
16 0.3263888888888889 0.8125 0.09027777777777778 0.09027777777777778 
33 0.8506944444444444 0.5902777777777778 0.09027777777777778 0.09027777777777778 
89 0.8958333333333334 0.2604166666666667 0.09027777777777778 0.09027777777777778 
128 0.6145833333333334 0.07291666666666667 0.09027777777777778 0.09027777777777778 
