41 0.3159722222222222 0.6076388888888888 0.09027777777777778 0.09027777777777778 
142 0.1284722222222222 0.5555555555555556 0.09027777777777778 0.09027777777777778 
44 0.22569444444444445 0.9131944444444444 0.09027777777777778 0.09027777777777778 
68 0.4756944444444444 0.8958333333333334 0.09027777777777778 0.09027777777777778 
80 0.06597222222222222 0.25 0.09027777777777778 0.09027777777777778 
1 0.2048611111111111 0.3993055555555556 0.09027777777777778 0.09027777777777778 
7 0.7048611111111112 0.0763888888888889 0.09027777777777778 0.09027777777777778 
95 0.21875 0.5486111111111112 0.09027777777777778 0.09027777777777778 
84 0.1701388888888889 0.6354166666666666 0.09027777777777778 0.09027777777777778 
71 0.04861111111111111 0.5763888888888888 0.09027777777777778 0.09027777777777778 
