136 0.4756944444444444 0.08680555555555555 0.09027777777777778 0.09027777777777778 
29 0.5625 0.10069444444444445 0.09027777777777778 0.09027777777777778 
81 0.4895833333333333 0.7152777777777778 0.09027777777777778 0.09027777777777778 
134 0.7048611111111112 0.7847222222222222 0.09027777777777778 0.09027777777777778 
126 0.8854166666666666 0.7152777777777778 0.09027777777777778 0.09027777777777778 
99 0.0763888888888889 0.7048611111111112 0.09027777777777778 0.09027777777777778 
134 0.4444444444444444 0.8923611111111112 0.09027777777777778 0.09027777777777778 
121 0.8680555555555556 0.2569444444444444 0.09027777777777778 0.09027777777777778 
81 0.2986111111111111 0.2326388888888889 0.09027777777777778 0.09027777777777778 
3 0.1736111111111111 0.9444444444444444 0.09027777777777778 0.09027777777777778 
