89 0.3888888888888889 0.78125 0.09027777777777778 0.09027777777777778 
139 0.19791666666666666 0.8229166666666666 0.09027777777777778 0.09027777777777778 
9 0.3159722222222222 0.2604166666666667 0.09027777777777778 0.09027777777777778 
69 0.53125 0.7291666666666666 0.09027777777777778 0.09027777777777778 
45 0.4270833333333333 0.9305555555555556 0.09027777777777778 0.09027777777777778 
37 0.5833333333333334 0.04513888888888889 0.09027777777777778 0.09027777777777778 
85 0.059027777777777776 0.2673611111111111 0.09027777777777778 0.09027777777777778 
90 0.6944444444444444 0.5902777777777778 0.09027777777777778 0.09027777777777778 
4 0.7604166666666666 0.11458333333333333 0.09027777777777778 0.09027777777777778 
126 0.7291666666666666 0.7361111111111112 0.09027777777777778 0.09027777777777778 
