135 0.28125 0.5659722222222222 0.09027777777777778 0.09027777777777778 
30 0.75 0.7013888888888888 0.09027777777777778 0.09027777777777778 
98 0.13194444444444445 0.3090277777777778 0.09027777777777778 0.09027777777777778 
15 0.8090277777777778 0.5243055555555556 0.09027777777777778 0.09027777777777778 
78 0.625 0.7916666666666666 0.09027777777777778 0.09027777777777778 
42 0.8368055555555556 0.875 0.09027777777777778 0.09027777777777778 
101 0.3263888888888889 0.4409722222222222 0.09027777777777778 0.09027777777777778 
115 0.5868055555555556 0.7951388888888888 0.09027777777777778 0.09027777777777778 
60 0.1875 0.9236111111111112 0.09027777777777778 0.09027777777777778 
70 0.059027777777777776 0.3715277777777778 0.09027777777777778 0.09027777777777778 
