23 0.1076388888888889 0.7291666666666666 0.09027777777777778 0.09027777777777778 
130 0.1736111111111111 0.2951388888888889 0.09027777777777778 0.09027777777777778 
28 0.4166666666666667 0.2743055555555556 0.09027777777777778 0.09027777777777778 
15 0.2604166666666667 0.3055555555555556 0.09027777777777778 0.09027777777777778 
127 0.5277777777777778 0.06597222222222222 0.09027777777777778 0.09027777777777778 
135 0.5138888888888888 0.1875 0.09027777777777778 0.09027777777777778 
103 0.875 0.3298611111111111 0.09027777777777778 0.09027777777777778 
71 0.9027777777777778 0.8923611111111112 0.09027777777777778 0.09027777777777778 
80 0.16319444444444445 0.8923611111111112 0.09027777777777778 0.09027777777777778 
129 0.13194444444444445 0.4583333333333333 0.09027777777777778 0.09027777777777778 
