63 0.7534722222222222 0.7013888888888888 0.09027777777777778 0.09027777777777778 
81 0.1875 0.16666666666666666 0.09027777777777778 0.09027777777777778 
76 0.75 0.2743055555555556 0.09027777777777778 0.09027777777777778 
7 0.2916666666666667 0.6770833333333334 0.09027777777777778 0.09027777777777778 
58 0.8402777777777778 0.7048611111111112 0.09027777777777778 0.09027777777777778 
72 0.7673611111111112 0.052083333333333336 0.09027777777777778 0.09027777777777778 
18 0.84375 0.19444444444444445 0.09027777777777778 0.09027777777777778 
70 0.3888888888888889 0.84375 0.09027777777777778 0.09027777777777778 
93 0.09375 0.5034722222222222 0.09027777777777778 0.09027777777777778 
24 0.8159722222222222 0.4270833333333333 0.09027777777777778 0.09027777777777778 
