132 0.059027777777777776 0.6979166666666666 0.09027777777777778 0.09027777777777778 
152 0.125 0.5243055555555556 0.09027777777777778 0.09027777777777778 
53 0.7986111111111112 0.7083333333333334 0.09027777777777778 0.09027777777777778 
7 0.10069444444444445 0.8888888888888888 0.09027777777777778 0.09027777777777778 
75 0.6909722222222222 0.8368055555555556 0.09027777777777778 0.09027777777777778 
45 0.9097222222222222 0.8402777777777778 0.09027777777777778 0.09027777777777778 
25 0.22569444444444445 0.4652777777777778 0.09027777777777778 0.09027777777777778 
0 0.052083333333333336 0.8125 0.09027777777777778 0.09027777777777778 
35 0.4479166666666667 0.4895833333333333 0.09027777777777778 0.09027777777777778 
104 0.8125 0.19444444444444445 0.09027777777777778 0.09027777777777778 
