77 0.07291666666666667 0.16319444444444445 0.09027777777777778 0.09027777777777778 
65 0.7986111111111112 0.2013888888888889 0.09027777777777778 0.09027777777777778 
39 0.17708333333333334 0.8333333333333334 0.09027777777777778 0.09027777777777778 
7 0.8506944444444444 0.0763888888888889 0.09027777777777778 0.09027777777777778 
66 0.5277777777777778 0.5590277777777778 0.09027777777777778 0.09027777777777778 
109 0.2361111111111111 0.4791666666666667 0.09027777777777778 0.09027777777777778 
39 0.3923611111111111 0.23958333333333334 0.09027777777777778 0.09027777777777778 
42 0.9479166666666666 0.8958333333333334 0.09027777777777778 0.09027777777777778 
45 0.4930555555555556 0.2986111111111111 0.09027777777777778 0.09027777777777778 
152 0.05555555555555555 0.2847222222222222 0.09027777777777778 0.09027777777777778 
