147 0.8854166666666666 0.75 0.09027777777777778 0.09027777777777778 
92 0.19444444444444445 0.0763888888888889 0.09027777777777778 0.09027777777777778 
76 0.5902777777777778 0.7986111111111112 0.09027777777777778 0.09027777777777778 
38 0.7777777777777778 0.9548611111111112 0.09027777777777778 0.09027777777777778 
70 0.8611111111111112 0.5729166666666666 0.09027777777777778 0.09027777777777778 
53 0.7395833333333334 0.4131944444444444 0.09027777777777778 0.09027777777777778 
75 0.5416666666666666 0.3576388888888889 0.09027777777777778 0.09027777777777778 
39 0.6736111111111112 0.7673611111111112 0.09027777777777778 0.09027777777777778 
57 0.8055555555555556 0.22916666666666666 0.09027777777777778 0.09027777777777778 
95 0.125 0.4652777777777778 0.09027777777777778 0.09027777777777778 
