114 0.7881944444444444 0.6319444444444444 0.09027777777777778 0.09027777777777778 
85 0.9305555555555556 0.8541666666666666 0.09027777777777778 0.09027777777777778 
128 0.3819444444444444 0.2673611111111111 0.09027777777777778 0.09027777777777778 
56 0.5868055555555556 0.5763888888888888 0.09027777777777778 0.09027777777777778 
35 0.4618055555555556 0.3298611111111111 0.09027777777777778 0.09027777777777778 
120 0.8993055555555556 0.5034722222222222 0.09027777777777778 0.09027777777777778 
94 0.5625 0.8576388888888888 0.09027777777777778 0.09027777777777778 
78 0.8472222222222222 0.6180555555555556 0.09027777777777778 0.09027777777777778 
89 0.84375 0.8784722222222222 0.09027777777777778 0.09027777777777778 
87 0.4027777777777778 0.6423611111111112 0.09027777777777778 0.09027777777777778 
