18 0.2534722222222222 0.3125 0.09027777777777778 0.09027777777777778 
88 0.2708333333333333 0.25 0.09027777777777778 0.09027777777777778 
47 0.5625 0.05555555555555555 0.09027777777777778 0.09027777777777778 
4 0.2222222222222222 0.4444444444444444 0.09027777777777778 0.09027777777777778 
96 0.625 0.3472222222222222 0.09027777777777778 0.09027777777777778 
63 0.7743055555555556 0.20833333333333334 0.09027777777777778 0.09027777777777778 
106 0.1875 0.4166666666666667 0.09027777777777778 0.09027777777777778 
126 0.34375 0.4444444444444444 0.09027777777777778 0.09027777777777778 
125 0.1111111111111111 0.78125 0.09027777777777778 0.09027777777777778 
63 0.2361111111111111 0.21180555555555555 0.09027777777777778 0.09027777777777778 
