66 0.14583333333333334 0.3090277777777778 0.09027777777777778 0.09027777777777778 
4 0.2604166666666667 0.5590277777777778 0.09027777777777778 0.09027777777777778 
120 0.6909722222222222 0.3368055555555556 0.09027777777777778 0.09027777777777778 
91 0.7083333333333334 0.1527777777777778 0.09027777777777778 0.09027777777777778 
47 0.09375 0.3576388888888889 0.09027777777777778 0.09027777777777778 
156 0.9375 0.8923611111111112 0.09027777777777778 0.09027777777777778 
34 0.1701388888888889 0.8333333333333334 0.09027777777777778 0.09027777777777778 
16 0.22916666666666666 0.53125 0.09027777777777778 0.09027777777777778 
82 0.7986111111111112 0.8715277777777778 0.09027777777777778 0.09027777777777778 
137 0.4236111111111111 0.625 0.09027777777777778 0.09027777777777778 
