2 0.4652777777777778 0.4722222222222222 0.09027777777777778 0.09027777777777778 
137 0.6701388888888888 0.6423611111111112 0.09027777777777778 0.09027777777777778 
147 0.7152777777777778 0.2847222222222222 0.09027777777777778 0.09027777777777778 
33 0.2916666666666667 0.5069444444444444 0.09027777777777778 0.09027777777777778 
108 0.6354166666666666 0.11458333333333333 0.09027777777777778 0.09027777777777778 
5 0.10069444444444445 0.8645833333333334 0.09027777777777778 0.09027777777777778 
130 0.4166666666666667 0.5034722222222222 0.09027777777777778 0.09027777777777778 
36 0.25 0.2326388888888889 0.09027777777777778 0.09027777777777778 
104 0.7291666666666666 0.2708333333333333 0.09027777777777778 0.09027777777777778 
62 0.5486111111111112 0.7604166666666666 0.09027777777777778 0.09027777777777778 
