33 0.9236111111111112 0.4965277777777778 0.09027777777777778 0.09027777777777778 
29 0.23958333333333334 0.9513888888888888 0.09027777777777778 0.09027777777777778 
36 0.4027777777777778 0.5555555555555556 0.09027777777777778 0.09027777777777778 
149 0.5972222222222222 0.3402777777777778 0.09027777777777778 0.09027777777777778 
37 0.5347222222222222 0.5833333333333334 0.09027777777777778 0.09027777777777778 
91 0.6944444444444444 0.3472222222222222 0.09027777777777778 0.09027777777777778 
63 0.1875 0.25 0.09027777777777778 0.09027777777777778 
61 0.8472222222222222 0.8125 0.09027777777777778 0.09027777777777778 
125 0.052083333333333336 0.6284722222222222 0.09027777777777778 0.09027777777777778 
154 0.2222222222222222 0.6111111111111112 0.09027777777777778 0.09027777777777778 
