128 0.5798611111111112 0.059027777777777776 0.09027777777777778 0.09027777777777778 
55 0.7604166666666666 0.18055555555555555 0.09027777777777778 0.09027777777777778 
22 0.9270833333333334 0.8888888888888888 0.09027777777777778 0.09027777777777778 
23 0.8923611111111112 0.3194444444444444 0.09027777777777778 0.09027777777777778 
60 0.2604166666666667 0.3055555555555556 0.09027777777777778 0.09027777777777778 
48 0.75 0.2743055555555556 0.09027777777777778 0.09027777777777778 
7 0.6076388888888888 0.7881944444444444 0.09027777777777778 0.09027777777777778 
141 0.6701388888888888 0.6354166666666666 0.09027777777777778 0.09027777777777778 
33 0.5 0.4791666666666667 0.09027777777777778 0.09027777777777778 
85 0.4756944444444444 0.8333333333333334 0.09027777777777778 0.09027777777777778 
