27 0.7361111111111112 0.3472222222222222 0.09027777777777778 0.09027777777777778 
41 0.4375 0.8020833333333334 0.09027777777777778 0.09027777777777778 
148 0.8020833333333334 0.9236111111111112 0.09027777777777778 0.09027777777777778 
112 0.2708333333333333 0.6840277777777778 0.09027777777777778 0.09027777777777778 
109 0.14583333333333334 0.1076388888888889 0.09027777777777778 0.09027777777777778 
53 0.2465277777777778 0.2951388888888889 0.09027777777777778 0.09027777777777778 
86 0.4479166666666667 0.5381944444444444 0.09027777777777778 0.09027777777777778 
90 0.5277777777777778 0.8784722222222222 0.09027777777777778 0.09027777777777778 
109 0.65625 0.71875 0.09027777777777778 0.09027777777777778 
110 0.2013888888888889 0.6805555555555556 0.09027777777777778 0.09027777777777778 
