70 0.16666666666666666 0.21875 0.09027777777777778 0.09027777777777778 
116 0.7673611111111112 0.07291666666666667 0.09027777777777778 0.09027777777777778 
115 0.9409722222222222 0.8993055555555556 0.09027777777777778 0.09027777777777778 
63 0.9340277777777778 0.6979166666666666 0.09027777777777778 0.09027777777777778 
153 0.40625 0.2048611111111111 0.09027777777777778 0.09027777777777778 
55 0.2951388888888889 0.46875 0.09027777777777778 0.09027777777777778 
90 0.059027777777777776 0.8854166666666666 0.09027777777777778 0.09027777777777778 
60 0.18055555555555555 0.9131944444444444 0.09027777777777778 0.09027777777777778 
148 0.9409722222222222 0.3020833333333333 0.09027777777777778 0.09027777777777778 
48 0.1527777777777778 0.1736111111111111 0.09027777777777778 0.09027777777777778 
