41 0.7152777777777778 0.0625 0.09027777777777778 0.09027777777777778 
28 0.8958333333333334 0.6805555555555556 0.09027777777777778 0.09027777777777778 
36 0.6979166666666666 0.06597222222222222 0.09027777777777778 0.09027777777777778 
148 0.6597222222222222 0.7604166666666666 0.09027777777777778 0.09027777777777778 
74 0.7048611111111112 0.2326388888888889 0.09027777777777778 0.09027777777777778 
127 0.13541666666666666 0.4166666666666667 0.09027777777777778 0.09027777777777778 
90 0.8159722222222222 0.22916666666666666 0.09027777777777778 0.09027777777777778 
154 0.3680555555555556 0.10416666666666667 0.09027777777777778 0.09027777777777778 
94 0.24305555555555555 0.13541666666666666 0.09027777777777778 0.09027777777777778 
94 0.7048611111111112 0.3819444444444444 0.09027777777777778 0.09027777777777778 
