17 0.16666666666666666 0.7951388888888888 0.09027777777777778 0.09027777777777778 
77 0.8958333333333334 0.3090277777777778 0.09027777777777778 0.09027777777777778 
73 0.7326388888888888 0.21180555555555555 0.09027777777777778 0.09027777777777778 
99 0.9444444444444444 0.05555555555555555 0.09027777777777778 0.09027777777777778 
59 0.5243055555555556 0.06597222222222222 0.09027777777777778 0.09027777777777778 
93 0.19791666666666666 0.8645833333333334 0.09027777777777778 0.09027777777777778 
105 0.2881944444444444 0.5868055555555556 0.09027777777777778 0.09027777777777778 
127 0.7847222222222222 0.4791666666666667 0.09027777777777778 0.09027777777777778 
105 0.3576388888888889 0.1701388888888889 0.09027777777777778 0.09027777777777778 
147 0.2916666666666667 0.06597222222222222 0.09027777777777778 0.09027777777777778 
