148 0.2465277777777778 0.6111111111111112 0.09027777777777778 0.09027777777777778 
149 0.6041666666666666 0.53125 0.09027777777777778 0.09027777777777778 
11 0.3055555555555556 0.5347222222222222 0.09027777777777778 0.09027777777777778 
97 0.06597222222222222 0.5451388888888888 0.09027777777777778 0.09027777777777778 
33 0.4027777777777778 0.1909722222222222 0.09027777777777778 0.09027777777777778 
83 0.5451388888888888 0.7152777777777778 0.09027777777777778 0.09027777777777778 
139 0.40625 0.08680555555555555 0.09027777777777778 0.09027777777777778 
108 0.4722222222222222 0.4965277777777778 0.09027777777777778 0.09027777777777778 
3 0.3333333333333333 0.8263888888888888 0.09027777777777778 0.09027777777777778 
30 0.059027777777777776 0.2048611111111111 0.09027777777777778 0.09027777777777778 
