146 0.12152777777777778 0.15625 0.09027777777777778 0.09027777777777778 
145 0.7256944444444444 0.8194444444444444 0.09027777777777778 0.09027777777777778 
103 0.7013888888888888 0.28125 0.09027777777777778 0.09027777777777778 
18 0.9444444444444444 0.2916666666666667 0.09027777777777778 0.09027777777777778 
65 0.6527777777777778 0.5590277777777778 0.09027777777777778 0.09027777777777778 
62 0.5729166666666666 0.6180555555555556 0.09027777777777778 0.09027777777777778 
40 0.59375 0.17708333333333334 0.09027777777777778 0.09027777777777778 
16 0.4444444444444444 0.7013888888888888 0.09027777777777778 0.09027777777777778 
69 0.9444444444444444 0.22569444444444445 0.09027777777777778 0.09027777777777778 
136 0.04861111111111111 0.4201388888888889 0.09027777777777778 0.09027777777777778 
