51 0.1388888888888889 0.2465277777777778 0.09027777777777778 0.09027777777777778 
148 0.9305555555555556 0.4722222222222222 0.09027777777777778 0.09027777777777778 
92 0.4791666666666667 0.7951388888888888 0.09027777777777778 0.09027777777777778 
31 0.8888888888888888 0.4270833333333333 0.09027777777777778 0.09027777777777778 
148 0.75 0.3854166666666667 0.09027777777777778 0.09027777777777778 
97 0.2534722222222222 0.5833333333333334 0.09027777777777778 0.09027777777777778 
101 0.4340277777777778 0.9166666666666666 0.09027777777777778 0.09027777777777778 
62 0.8958333333333334 0.8055555555555556 0.09027777777777778 0.09027777777777778 
132 0.07291666666666667 0.21875 0.09027777777777778 0.09027777777777778 
120 0.8784722222222222 0.3784722222222222 0.09027777777777778 0.09027777777777778 
