31 0.5902777777777778 0.19444444444444445 0.09027777777777778 0.09027777777777778 
53 0.875 0.6388888888888888 0.09027777777777778 0.09027777777777778 
69 0.3923611111111111 0.7465277777777778 0.09027777777777778 0.09027777777777778 
14 0.1076388888888889 0.5625 0.09027777777777778 0.09027777777777778 
145 0.53125 0.7326388888888888 0.09027777777777778 0.09027777777777778 
154 0.3402777777777778 0.1388888888888889 0.09027777777777778 0.09027777777777778 
116 0.08680555555555555 0.6979166666666666 0.09027777777777778 0.09027777777777778 
60 0.5104166666666666 0.4583333333333333 0.09027777777777778 0.09027777777777778 
139 0.28125 0.8020833333333334 0.09027777777777778 0.09027777777777778 
22 0.14930555555555555 0.7638888888888888 0.09027777777777778 0.09027777777777778 
