14 0.5451388888888888 0.16319444444444445 0.09027777777777778 0.09027777777777778 
144 0.3194444444444444 0.13541666666666666 0.09027777777777778 0.09027777777777778 
97 0.9201388888888888 0.8576388888888888 0.09027777777777778 0.09027777777777778 
95 0.1388888888888889 0.4583333333333333 0.09027777777777778 0.09027777777777778 
133 0.8298611111111112 0.5520833333333334 0.09027777777777778 0.09027777777777778 
48 0.16666666666666666 0.7881944444444444 0.09027777777777778 0.09027777777777778 
127 0.6388888888888888 0.5902777777777778 0.09027777777777778 0.09027777777777778 
76 0.9409722222222222 0.5416666666666666 0.09027777777777778 0.09027777777777778 
152 0.25 0.4270833333333333 0.09027777777777778 0.09027777777777778 
94 0.6736111111111112 0.2048611111111111 0.09027777777777778 0.09027777777777778 
