32 0.6909722222222222 0.3090277777777778 0.09027777777777778 0.09027777777777778 
89 0.2326388888888889 0.4409722222222222 0.09027777777777778 0.09027777777777778 
117 0.6909722222222222 0.8472222222222222 0.09027777777777778 0.09027777777777778 
116 0.3888888888888889 0.17708333333333334 0.09027777777777778 0.09027777777777778 
67 0.9027777777777778 0.7638888888888888 0.09027777777777778 0.09027777777777778 
33 0.4166666666666667 0.2777777777777778 0.09027777777777778 0.09027777777777778 
73 0.3263888888888889 0.7013888888888888 0.09027777777777778 0.09027777777777778 
114 0.2743055555555556 0.7326388888888888 0.09027777777777778 0.09027777777777778 
41 0.1284722222222222 0.6875 0.09027777777777778 0.09027777777777778 
129 0.4270833333333333 0.7291666666666666 0.09027777777777778 0.09027777777777778 
