125 0.7777777777777778 0.5381944444444444 0.09027777777777778 0.09027777777777778 
99 0.2569444444444444 0.5208333333333334 0.09027777777777778 0.09027777777777778 
17 0.9236111111111112 0.8958333333333334 0.09027777777777778 0.09027777777777778 
89 0.4097222222222222 0.625 0.09027777777777778 0.09027777777777778 
46 0.4930555555555556 0.9201388888888888 0.09027777777777778 0.09027777777777778 
32 0.9027777777777778 0.5833333333333334 0.09027777777777778 0.09027777777777778 
53 0.21875 0.3159722222222222 0.09027777777777778 0.09027777777777778 
53 0.2743055555555556 0.6423611111111112 0.09027777777777778 0.09027777777777778 
116 0.5416666666666666 0.6597222222222222 0.09027777777777778 0.09027777777777778 
41 0.4409722222222222 0.5 0.09027777777777778 0.09027777777777778 
