3 0.6006944444444444 0.53125 0.09027777777777778 0.09027777777777778 
114 0.9479166666666666 0.5833333333333334 0.09027777777777778 0.09027777777777778 
2 0.8263888888888888 0.07291666666666667 0.09027777777777778 0.09027777777777778 
129 0.5902777777777778 0.2534722222222222 0.09027777777777778 0.09027777777777778 
79 0.8229166666666666 0.5138888888888888 0.09027777777777778 0.09027777777777778 
150 0.8541666666666666 0.7291666666666666 0.09027777777777778 0.09027777777777778 
64 0.6354166666666666 0.6631944444444444 0.09027777777777778 0.09027777777777778 
86 0.8298611111111112 0.9305555555555556 0.09027777777777778 0.09027777777777778 
72 0.3229166666666667 0.9479166666666666 0.09027777777777778 0.09027777777777778 
32 0.5625 0.7118055555555556 0.09027777777777778 0.09027777777777778 
