11 0.5451388888888888 0.059027777777777776 0.09027777777777778 0.09027777777777778 
112 0.6145833333333334 0.2604166666666667 0.09027777777777778 0.09027777777777778 
68 0.3229166666666667 0.1597222222222222 0.09027777777777778 0.09027777777777778 
58 0.13194444444444445 0.3055555555555556 0.09027777777777778 0.09027777777777778 
24 0.3020833333333333 0.2708333333333333 0.09027777777777778 0.09027777777777778 
69 0.5833333333333334 0.18055555555555555 0.09027777777777778 0.09027777777777778 
83 0.6493055555555556 0.8715277777777778 0.09027777777777778 0.09027777777777778 
86 0.8576388888888888 0.1111111111111111 0.09027777777777778 0.09027777777777778 
93 0.2152777777777778 0.6979166666666666 0.09027777777777778 0.09027777777777778 
123 0.9097222222222222 0.2777777777777778 0.09027777777777778 0.09027777777777778 
