82 0.1701388888888889 0.7361111111111112 0.09027777777777778 0.09027777777777778 
141 0.8159722222222222 0.6145833333333334 0.09027777777777778 0.09027777777777778 
110 0.04513888888888889 0.6805555555555556 0.09027777777777778 0.09027777777777778 
12 0.08680555555555555 0.9444444444444444 0.09027777777777778 0.09027777777777778 
111 0.5833333333333334 0.3194444444444444 0.09027777777777778 0.09027777777777778 
103 0.17708333333333334 0.6805555555555556 0.09027777777777778 0.09027777777777778 
107 0.5590277777777778 0.5208333333333334 0.09027777777777778 0.09027777777777778 
100 0.6319444444444444 0.3576388888888889 0.09027777777777778 0.09027777777777778 
44 0.6423611111111112 0.4097222222222222 0.09027777777777778 0.09027777777777778 
89 0.4791666666666667 0.1284722222222222 0.09027777777777778 0.09027777777777778 
