34 0.625 0.5902777777777778 0.09027777777777778 0.09027777777777778 
133 0.3263888888888889 0.2881944444444444 0.09027777777777778 0.09027777777777778 
101 0.40625 0.8993055555555556 0.09027777777777778 0.09027777777777778 
106 0.5520833333333334 0.4305555555555556 0.09027777777777778 0.09027777777777778 
22 0.7673611111111112 0.052083333333333336 0.09027777777777778 0.09027777777777778 
115 0.2638888888888889 0.5625 0.09027777777777778 0.09027777777777778 
144 0.4201388888888889 0.8819444444444444 0.09027777777777778 0.09027777777777778 
28 0.6319444444444444 0.16666666666666666 0.09027777777777778 0.09027777777777778 
28 0.5520833333333334 0.2673611111111111 0.09027777777777778 0.09027777777777778 
101 0.5208333333333334 0.3402777777777778 0.09027777777777778 0.09027777777777778 
