140 0.9097222222222222 0.5798611111111112 0.09027777777777778 0.09027777777777778 
18 0.8715277777777778 0.09027777777777778 0.09027777777777778 0.09027777777777778 
36 0.2951388888888889 0.21180555555555555 0.09027777777777778 0.09027777777777778 
131 0.5659722222222222 0.1284722222222222 0.09027777777777778 0.09027777777777778 
144 0.4444444444444444 0.7326388888888888 0.09027777777777778 0.09027777777777778 
110 0.6597222222222222 0.06597222222222222 0.09027777777777778 0.09027777777777778 
2 0.9201388888888888 0.6909722222222222 0.09027777777777778 0.09027777777777778 
129 0.75 0.6284722222222222 0.09027777777777778 0.09027777777777778 
87 0.90625 0.8541666666666666 0.09027777777777778 0.09027777777777778 
67 0.9027777777777778 0.3576388888888889 0.09027777777777778 0.09027777777777778 
