156 0.4791666666666667 0.8159722222222222 0.09027777777777778 0.09027777777777778 
157 0.4409722222222222 0.1701388888888889 0.09027777777777778 0.09027777777777778 
143 0.5902777777777778 0.9409722222222222 0.09027777777777778 0.09027777777777778 
22 0.8576388888888888 0.2916666666666667 0.09027777777777778 0.09027777777777778 
8 0.8993055555555556 0.4513888888888889 0.09027777777777778 0.09027777777777778 
24 0.0798611111111111 0.4375 0.09027777777777778 0.09027777777777778 
57 0.8194444444444444 0.9027777777777778 0.09027777777777778 0.09027777777777778 
99 0.04861111111111111 0.8263888888888888 0.09027777777777778 0.09027777777777778 
12 0.46875 0.1701388888888889 0.09027777777777778 0.09027777777777778 
129 0.3715277777777778 0.6527777777777778 0.09027777777777778 0.09027777777777778 
