47 0.5138888888888888 0.22569444444444445 0.09027777777777778 0.09027777777777778 
35 0.08680555555555555 0.6979166666666666 0.09027777777777778 0.09027777777777778 
35 0.18055555555555555 0.3611111111111111 0.09027777777777778 0.09027777777777778 
19 0.08333333333333333 0.65625 0.09027777777777778 0.09027777777777778 
155 0.7569444444444444 0.7708333333333334 0.09027777777777778 0.09027777777777778 
44 0.10416666666666667 0.12152777777777778 0.09027777777777778 0.09027777777777778 
76 0.1875 0.7673611111111112 0.09027777777777778 0.09027777777777778 
40 0.2638888888888889 0.4375 0.09027777777777778 0.09027777777777778 
152 0.9479166666666666 0.8194444444444444 0.09027777777777778 0.09027777777777778 
56 0.5173611111111112 0.4513888888888889 0.09027777777777778 0.09027777777777778 
