52 0.09375 0.9097222222222222 0.09027777777777778 0.09027777777777778 
5 0.5138888888888888 0.5729166666666666 0.09027777777777778 0.09027777777777778 
31 0.052083333333333336 0.46875 0.09027777777777778 0.09027777777777778 
89 0.90625 0.09027777777777778 0.09027777777777778 0.09027777777777778 
114 0.9548611111111112 0.9270833333333334 0.09027777777777778 0.09027777777777778 
61 0.5173611111111112 0.2222222222222222 0.09027777777777778 0.09027777777777778 
37 0.6701388888888888 0.8645833333333334 0.09027777777777778 0.09027777777777778 
64 0.15625 0.4756944444444444 0.09027777777777778 0.09027777777777778 
95 0.5902777777777778 0.7708333333333334 0.09027777777777778 0.09027777777777778 
125 0.4965277777777778 0.7638888888888888 0.09027777777777778 0.09027777777777778 
