136 0.6354166666666666 0.5 0.09027777777777778 0.09027777777777778 
62 0.3020833333333333 0.2708333333333333 0.09027777777777778 0.09027777777777778 
133 0.90625 0.4236111111111111 0.09027777777777778 0.09027777777777778 
16 0.75 0.10069444444444445 0.09027777777777778 0.09027777777777778 
78 0.05555555555555555 0.2881944444444444 0.09027777777777778 0.09027777777777778 
133 0.3472222222222222 0.5208333333333334 0.09027777777777778 0.09027777777777778 
35 0.2534722222222222 0.2951388888888889 0.09027777777777778 0.09027777777777778 
117 0.125 0.2569444444444444 0.09027777777777778 0.09027777777777778 
53 0.6076388888888888 0.5902777777777778 0.09027777777777778 0.09027777777777778 
115 0.3958333333333333 0.3611111111111111 0.09027777777777778 0.09027777777777778 
