145 0.4791666666666667 0.7395833333333334 0.09027777777777778 0.09027777777777778 
58 0.4861111111111111 0.1527777777777778 0.09027777777777778 0.09027777777777778 
143 0.2048611111111111 0.09722222222222222 0.09027777777777778 0.09027777777777778 
127 0.4131944444444444 0.8645833333333334 0.09027777777777778 0.09027777777777778 
148 0.1527777777777778 0.8611111111111112 0.09027777777777778 0.09027777777777778 
41 0.625 0.2638888888888889 0.09027777777777778 0.09027777777777778 
70 0.7777777777777778 0.3680555555555556 0.09027777777777778 0.09027777777777778 
97 0.5590277777777778 0.7152777777777778 0.09027777777777778 0.09027777777777778 
108 0.13541666666666666 0.7048611111111112 0.09027777777777778 0.09027777777777778 
77 0.5138888888888888 0.2881944444444444 0.09027777777777778 0.09027777777777778 
