32 0.5486111111111112 0.6805555555555556 0.09027777777777778 0.09027777777777778 
131 0.06944444444444445 0.8125 0.09027777777777778 0.09027777777777778 
144 0.6145833333333334 0.1736111111111111 0.09027777777777778 0.09027777777777778 
93 0.8125 0.9548611111111112 0.09027777777777778 0.09027777777777778 
83 0.71875 0.5486111111111112 0.09027777777777778 0.09027777777777778 
18 0.052083333333333336 0.6805555555555556 0.09027777777777778 0.09027777777777778 
9 0.8159722222222222 0.2048611111111111 0.09027777777777778 0.09027777777777778 
112 0.7152777777777778 0.9444444444444444 0.09027777777777778 0.09027777777777778 
156 0.2847222222222222 0.5034722222222222 0.09027777777777778 0.09027777777777778 
105 0.1284722222222222 0.2743055555555556 0.09027777777777778 0.09027777777777778 
