37 0.2604166666666667 0.08680555555555555 0.09027777777777778 0.09027777777777778 
82 0.11805555555555555 0.6423611111111112 0.09027777777777778 0.09027777777777778 
9 0.65625 0.5277777777777778 0.09027777777777778 0.09027777777777778 
38 0.5972222222222222 0.09375 0.09027777777777778 0.09027777777777778 
8 0.24305555555555555 0.4791666666666667 0.09027777777777778 0.09027777777777778 
74 0.05555555555555555 0.4479166666666667 0.09027777777777778 0.09027777777777778 
69 0.3194444444444444 0.4479166666666667 0.09027777777777778 0.09027777777777778 
113 0.059027777777777776 0.8958333333333334 0.09027777777777778 0.09027777777777778 
105 0.7430555555555556 0.53125 0.09027777777777778 0.09027777777777778 
11 0.6458333333333334 0.24305555555555555 0.09027777777777778 0.09027777777777778 
