47 0.3784722222222222 0.8298611111111112 0.09027777777777778 0.09027777777777778 
76 0.14583333333333334 0.16666666666666666 0.09027777777777778 0.09027777777777778 
54 0.8194444444444444 0.28125 0.09027777777777778 0.09027777777777778 
28 0.7951388888888888 0.2222222222222222 0.09027777777777778 0.09027777777777778 
20 0.7951388888888888 0.6041666666666666 0.09027777777777778 0.09027777777777778 
38 0.05555555555555555 0.2847222222222222 0.09027777777777778 0.09027777777777778 
49 0.08333333333333333 0.24305555555555555 0.09027777777777778 0.09027777777777778 
37 0.3680555555555556 0.8576388888888888 0.09027777777777778 0.09027777777777778 
18 0.8888888888888888 0.7256944444444444 0.09027777777777778 0.09027777777777778 
82 0.16666666666666666 0.4444444444444444 0.09027777777777778 0.09027777777777778 
