19 0.0798611111111111 0.06597222222222222 0.09027777777777778 0.09027777777777778 
2 0.4965277777777778 0.0798611111111111 0.09027777777777778 0.09027777777777778 
14 0.2326388888888889 0.7152777777777778 0.09027777777777778 0.09027777777777778 
19 0.9097222222222222 0.375 0.09027777777777778 0.09027777777777778 
7 0.9375 0.6944444444444444 0.09027777777777778 0.09027777777777778 
28 0.4513888888888889 0.3819444444444444 0.09027777777777778 0.09027777777777778 
32 0.8368055555555556 0.6631944444444444 0.09027777777777778 0.09027777777777778 
51 0.40625 0.14583333333333334 0.09027777777777778 0.09027777777777778 
74 0.5763888888888888 0.7534722222222222 0.09027777777777778 0.09027777777777778 
19 0.4201388888888889 0.6180555555555556 0.09027777777777778 0.09027777777777778 
