74 0.059027777777777776 0.3715277777777778 0.09027777777777778 0.09027777777777778 
36 0.7222222222222222 0.9444444444444444 0.09027777777777778 0.09027777777777778 
121 0.6805555555555556 0.1527777777777778 0.09027777777777778 0.09027777777777778 
72 0.8715277777777778 0.8055555555555556 0.09027777777777778 0.09027777777777778 
96 0.875 0.14930555555555555 0.09027777777777778 0.09027777777777778 
113 0.5173611111111112 0.6840277777777778 0.09027777777777778 0.09027777777777778 
59 0.11805555555555555 0.08333333333333333 0.09027777777777778 0.09027777777777778 
99 0.15625 0.7986111111111112 0.09027777777777778 0.09027777777777778 
121 0.6145833333333334 0.16319444444444445 0.09027777777777778 0.09027777777777778 
35 0.7083333333333334 0.7986111111111112 0.09027777777777778 0.09027777777777778 
