130 0.1284722222222222 0.059027777777777776 0.09027777777777778 0.09027777777777778 
11 0.0625 0.09375 0.09027777777777778 0.09027777777777778 
59 0.8993055555555556 0.3888888888888889 0.09027777777777778 0.09027777777777778 
51 0.1701388888888889 0.6388888888888888 0.09027777777777778 0.09027777777777778 
75 0.09722222222222222 0.5486111111111112 0.09027777777777778 0.09027777777777778 
149 0.0763888888888889 0.09722222222222222 0.09027777777777778 0.09027777777777778 
113 0.5972222222222222 0.8333333333333334 0.09027777777777778 0.09027777777777778 
37 0.7152777777777778 0.7951388888888888 0.09027777777777778 0.09027777777777778 
119 0.4895833333333333 0.9166666666666666 0.09027777777777778 0.09027777777777778 
62 0.6736111111111112 0.6388888888888888 0.09027777777777778 0.09027777777777778 
