14 0.6666666666666666 0.5277777777777778 0.09027777777777778 0.09027777777777778 
126 0.8993055555555556 0.059027777777777776 0.09027777777777778 0.09027777777777778 
28 0.7326388888888888 0.0798611111111111 0.09027777777777778 0.09027777777777778 
39 0.7291666666666666 0.6527777777777778 0.09027777777777778 0.09027777777777778 
144 0.2152777777777778 0.6180555555555556 0.09027777777777778 0.09027777777777778 
142 0.6736111111111112 0.6041666666666666 0.09027777777777778 0.09027777777777778 
99 0.6180555555555556 0.052083333333333336 0.09027777777777778 0.09027777777777778 
16 0.6631944444444444 0.2708333333333333 0.09027777777777778 0.09027777777777778 
118 0.6944444444444444 0.5 0.09027777777777778 0.09027777777777778 
156 0.6041666666666666 0.8506944444444444 0.09027777777777778 0.09027777777777778 
