106 0.8263888888888888 0.5416666666666666 0.09027777777777778 0.09027777777777778 
83 0.17708333333333334 0.875 0.09027777777777778 0.09027777777777778 
79 0.21180555555555555 0.5972222222222222 0.09027777777777778 0.09027777777777778 
113 0.3993055555555556 0.9236111111111112 0.09027777777777778 0.09027777777777778 
27 0.5243055555555556 0.3159722222222222 0.09027777777777778 0.09027777777777778 
104 0.7465277777777778 0.14930555555555555 0.09027777777777778 0.09027777777777778 
120 0.5555555555555556 0.8576388888888888 0.09027777777777778 0.09027777777777778 
7 0.46875 0.78125 0.09027777777777778 0.09027777777777778 
131 0.5729166666666666 0.7673611111111112 0.09027777777777778 0.09027777777777778 
91 0.24305555555555555 0.2916666666666667 0.09027777777777778 0.09027777777777778 
