94 0.9166666666666666 0.5833333333333334 0.09027777777777778 0.09027777777777778 
145 0.53125 0.2847222222222222 0.09027777777777778 0.09027777777777778 
103 0.2604166666666667 0.8194444444444444 0.09027777777777778 0.09027777777777778 
153 0.40625 0.5451388888888888 0.09027777777777778 0.09027777777777778 
87 0.4340277777777778 0.25 0.09027777777777778 0.09027777777777778 
62 0.5659722222222222 0.059027777777777776 0.09027777777777778 0.09027777777777778 
13 0.375 0.22569444444444445 0.09027777777777778 0.09027777777777778 
150 0.3958333333333333 0.8333333333333334 0.09027777777777778 0.09027777777777778 
17 0.7152777777777778 0.6111111111111112 0.09027777777777778 0.09027777777777778 
23 0.3715277777777778 0.1076388888888889 0.09027777777777778 0.09027777777777778 
