145 0.5625 0.3784722222222222 0.09027777777777778 0.09027777777777778 
80 0.2951388888888889 0.1423611111111111 0.09027777777777778 0.09027777777777778 
17 0.6909722222222222 0.4479166666666667 0.09027777777777778 0.09027777777777778 
112 0.4791666666666667 0.3194444444444444 0.09027777777777778 0.09027777777777778 
30 0.6875 0.75 0.09027777777777778 0.09027777777777778 
102 0.6527777777777778 0.7048611111111112 0.09027777777777778 0.09027777777777778 
92 0.3368055555555556 0.8090277777777778 0.09027777777777778 0.09027777777777778 
131 0.4340277777777778 0.4201388888888889 0.09027777777777778 0.09027777777777778 
79 0.9444444444444444 0.6770833333333334 0.09027777777777778 0.09027777777777778 
63 0.14583333333333334 0.5972222222222222 0.09027777777777778 0.09027777777777778 
