119 0.8090277777777778 0.6145833333333334 0.09027777777777778 0.09027777777777778 
120 0.6041666666666666 0.5798611111111112 0.09027777777777778 0.09027777777777778 
43 0.6006944444444444 0.8611111111111112 0.09027777777777778 0.09027777777777778 
55 0.8888888888888888 0.5590277777777778 0.09027777777777778 0.09027777777777778 
8 0.8611111111111112 0.1111111111111111 0.09027777777777778 0.09027777777777778 
48 0.3472222222222222 0.2847222222222222 0.09027777777777778 0.09027777777777778 
29 0.7152777777777778 0.75 0.09027777777777778 0.09027777777777778 
114 0.08333333333333333 0.6423611111111112 0.09027777777777778 0.09027777777777778 
140 0.125 0.4409722222222222 0.09027777777777778 0.09027777777777778 
43 0.3020833333333333 0.4861111111111111 0.09027777777777778 0.09027777777777778 
