4 0.46875 0.5138888888888888 0.09027777777777778 0.09027777777777778 
53 0.3263888888888889 0.2013888888888889 0.09027777777777778 0.09027777777777778 
40 0.5277777777777778 0.6284722222222222 0.09027777777777778 0.09027777777777778 
10 0.3854166666666667 0.18055555555555555 0.09027777777777778 0.09027777777777778 
69 0.6215277777777778 0.3159722222222222 0.09027777777777778 0.09027777777777778 
37 0.5833333333333334 0.8958333333333334 0.09027777777777778 0.09027777777777778 
101 0.84375 0.0798611111111111 0.09027777777777778 0.09027777777777778 
95 0.1284722222222222 0.1909722222222222 0.09027777777777778 0.09027777777777778 
133 0.1388888888888889 0.5902777777777778 0.09027777777777778 0.09027777777777778 
68 0.2465277777777778 0.6180555555555556 0.09027777777777778 0.09027777777777778 
