29 0.8333333333333334 0.8090277777777778 0.09027777777777778 0.09027777777777778 
76 0.8993055555555556 0.7743055555555556 0.09027777777777778 0.09027777777777778 
56 0.5277777777777778 0.4618055555555556 0.09027777777777778 0.09027777777777778 
100 0.11458333333333333 0.84375 0.09027777777777778 0.09027777777777778 
105 0.1597222222222222 0.9027777777777778 0.09027777777777778 0.09027777777777778 
42 0.7361111111111112 0.11805555555555555 0.09027777777777778 0.09027777777777778 
79 0.9305555555555556 0.8923611111111112 0.09027777777777778 0.09027777777777778 
49 0.125 0.7951388888888888 0.09027777777777778 0.09027777777777778 
43 0.14583333333333334 0.9513888888888888 0.09027777777777778 0.09027777777777778 
22 0.4583333333333333 0.2326388888888889 0.09027777777777778 0.09027777777777778 
