8 0.3715277777777778 0.16319444444444445 0.09027777777777778 0.09027777777777778 
92 0.1111111111111111 0.4340277777777778 0.09027777777777778 0.09027777777777778 
154 0.3055555555555556 0.4479166666666667 0.09027777777777778 0.09027777777777778 
67 0.1736111111111111 0.7569444444444444 0.09027777777777778 0.09027777777777778 
127 0.875 0.9479166666666666 0.09027777777777778 0.09027777777777778 
35 0.5520833333333334 0.5347222222222222 0.09027777777777778 0.09027777777777778 
22 0.5833333333333334 0.3819444444444444 0.09027777777777778 0.09027777777777778 
61 0.2673611111111111 0.4895833333333333 0.09027777777777778 0.09027777777777778 
154 0.6145833333333334 0.6736111111111112 0.09027777777777778 0.09027777777777778 
9 0.5972222222222222 0.19444444444444445 0.09027777777777778 0.09027777777777778 
