89 0.65625 0.5833333333333334 0.09027777777777778 0.09027777777777778 
59 0.4618055555555556 0.09722222222222222 0.09027777777777778 0.09027777777777778 
97 0.2673611111111111 0.3541666666666667 0.09027777777777778 0.09027777777777778 
35 0.7569444444444444 0.16666666666666666 0.09027777777777778 0.09027777777777778 
131 0.09375 0.6423611111111112 0.09027777777777778 0.09027777777777778 
137 0.5173611111111112 0.3645833333333333 0.09027777777777778 0.09027777777777778 
99 0.059027777777777776 0.08680555555555555 0.09027777777777778 0.09027777777777778 
58 0.8333333333333334 0.4652777777777778 0.09027777777777778 0.09027777777777778 
75 0.3993055555555556 0.3333333333333333 0.09027777777777778 0.09027777777777778 
149 0.6041666666666666 0.4861111111111111 0.09027777777777778 0.09027777777777778 
