110 0.23958333333333334 0.7361111111111112 0.09027777777777778 0.09027777777777778 
133 0.7777777777777778 0.3888888888888889 0.09027777777777778 0.09027777777777778 
89 0.7013888888888888 0.2604166666666667 0.09027777777777778 0.09027777777777778 
94 0.3333333333333333 0.3368055555555556 0.09027777777777778 0.09027777777777778 
86 0.7534722222222222 0.19444444444444445 0.09027777777777778 0.09027777777777778 
86 0.1111111111111111 0.7465277777777778 0.09027777777777778 0.09027777777777778 
61 0.3402777777777778 0.0798611111111111 0.09027777777777778 0.09027777777777778 
151 0.24305555555555555 0.0763888888888889 0.09027777777777778 0.09027777777777778 
138 0.46875 0.3819444444444444 0.09027777777777778 0.09027777777777778 
23 0.1284722222222222 0.71875 0.09027777777777778 0.09027777777777778 
