0 0.7083333333333334 0.6527777777777778 0.09027777777777778 0.09027777777777778 
51 0.3402777777777778 0.7569444444444444 0.09027777777777778 0.09027777777777778 
21 0.09375 0.12152777777777778 0.09027777777777778 0.09027777777777778 
108 0.1840277777777778 0.46875 0.09027777777777778 0.09027777777777778 
33 0.3923611111111111 0.16666666666666666 0.09027777777777778 0.09027777777777778 
155 0.0625 0.09027777777777778 0.09027777777777778 0.09027777777777778 
55 0.3784722222222222 0.5763888888888888 0.09027777777777778 0.09027777777777778 
67 0.7708333333333334 0.7152777777777778 0.09027777777777778 0.09027777777777778 
34 0.5277777777777778 0.9409722222222222 0.09027777777777778 0.09027777777777778 
141 0.10069444444444445 0.7847222222222222 0.09027777777777778 0.09027777777777778 
