1 0.6701388888888888 0.3958333333333333 0.09027777777777778 0.09027777777777778 
26 0.3576388888888889 0.5034722222222222 0.09027777777777778 0.09027777777777778 
121 0.7430555555555556 0.19791666666666666 0.09027777777777778 0.09027777777777778 
93 0.20833333333333334 0.28125 0.09027777777777778 0.09027777777777778 
50 0.1840277777777778 0.2916666666666667 0.09027777777777778 0.09027777777777778 
111 0.4027777777777778 0.5763888888888888 0.09027777777777778 0.09027777777777778 
53 0.4375 0.4201388888888889 0.09027777777777778 0.09027777777777778 
157 0.3159722222222222 0.9305555555555556 0.09027777777777778 0.09027777777777778 
29 0.9340277777777778 0.2048611111111111 0.09027777777777778 0.09027777777777778 
33 0.8090277777777778 0.9375 0.09027777777777778 0.09027777777777778 
