9 0.8993055555555556 0.3090277777777778 0.09027777777777778 0.09027777777777778 
54 0.3020833333333333 0.5451388888888888 0.09027777777777778 0.09027777777777778 
113 0.5763888888888888 0.20833333333333334 0.09027777777777778 0.09027777777777778 
114 0.3125 0.7361111111111112 0.09027777777777778 0.09027777777777778 
17 0.3715277777777778 0.4861111111111111 0.09027777777777778 0.09027777777777778 
72 0.2743055555555556 0.3402777777777778 0.09027777777777778 0.09027777777777778 
55 0.6909722222222222 0.9479166666666666 0.09027777777777778 0.09027777777777778 
82 0.5833333333333334 0.9201388888888888 0.09027777777777778 0.09027777777777778 
146 0.06597222222222222 0.8541666666666666 0.09027777777777778 0.09027777777777778 
64 0.4097222222222222 0.1423611111111111 0.09027777777777778 0.09027777777777778 
