38 0.1527777777777778 0.8993055555555556 0.09027777777777778 0.09027777777777778 
79 0.6284722222222222 0.7777777777777778 0.09027777777777778 0.09027777777777778 
50 0.5763888888888888 0.4097222222222222 0.09027777777777778 0.09027777777777778 
98 0.125 0.0625 0.09027777777777778 0.09027777777777778 
14 0.21180555555555555 0.125 0.09027777777777778 0.09027777777777778 
109 0.6631944444444444 0.14930555555555555 0.09027777777777778 0.09027777777777778 
42 0.2708333333333333 0.5590277777777778 0.09027777777777778 0.09027777777777778 
61 0.8784722222222222 0.0625 0.09027777777777778 0.09027777777777778 
64 0.3541666666666667 0.9236111111111112 0.09027777777777778 0.09027777777777778 
39 0.5 0.4826388888888889 0.09027777777777778 0.09027777777777778 
