144 0.7604166666666666 0.8854166666666666 0.09027777777777778 0.09027777777777778 
148 0.2604166666666667 0.8680555555555556 0.09027777777777778 0.09027777777777778 
23 0.8159722222222222 0.2013888888888889 0.09027777777777778 0.09027777777777778 
23 0.4097222222222222 0.6875 0.09027777777777778 0.09027777777777778 
127 0.6493055555555556 0.5902777777777778 0.09027777777777778 0.09027777777777778 
15 0.9375 0.7534722222222222 0.09027777777777778 0.09027777777777778 
40 0.7743055555555556 0.875 0.09027777777777778 0.09027777777777778 
85 0.3229166666666667 0.6701388888888888 0.09027777777777778 0.09027777777777778 
136 0.20833333333333334 0.3229166666666667 0.09027777777777778 0.09027777777777778 
93 0.5902777777777778 0.4201388888888889 0.09027777777777778 0.09027777777777778 
