125 0.625 0.7152777777777778 0.09027777777777778 0.09027777777777778 
102 0.6944444444444444 0.7430555555555556 0.09027777777777778 0.09027777777777778 
49 0.9270833333333334 0.7708333333333334 0.09027777777777778 0.09027777777777778 
49 0.5486111111111112 0.78125 0.09027777777777778 0.09027777777777778 
62 0.06944444444444445 0.40625 0.09027777777777778 0.09027777777777778 
31 0.9444444444444444 0.6527777777777778 0.09027777777777778 0.09027777777777778 
115 0.4409722222222222 0.5902777777777778 0.09027777777777778 0.09027777777777778 
80 0.5868055555555556 0.05555555555555555 0.09027777777777778 0.09027777777777778 
11 0.7881944444444444 0.3993055555555556 0.09027777777777778 0.09027777777777778 
67 0.2638888888888889 0.9097222222222222 0.09027777777777778 0.09027777777777778 
