82 0.16319444444444445 0.5069444444444444 0.09027777777777778 0.09027777777777778 
105 0.8784722222222222 0.8541666666666666 0.09027777777777778 0.09027777777777778 
57 0.5590277777777778 0.2326388888888889 0.09027777777777778 0.09027777777777778 
72 0.5972222222222222 0.3993055555555556 0.09027777777777778 0.09027777777777778 
31 0.6944444444444444 0.3159722222222222 0.09027777777777778 0.09027777777777778 
8 0.6354166666666666 0.8333333333333334 0.09027777777777778 0.09027777777777778 
119 0.4756944444444444 0.7465277777777778 0.09027777777777778 0.09027777777777778 
116 0.3263888888888889 0.13194444444444445 0.09027777777777778 0.09027777777777778 
44 0.9027777777777778 0.8368055555555556 0.09027777777777778 0.09027777777777778 
79 0.6145833333333334 0.6145833333333334 0.09027777777777778 0.09027777777777778 
