50 0.5729166666666666 0.3333333333333333 0.09027777777777778 0.09027777777777778 
2 0.8888888888888888 0.8784722222222222 0.09027777777777778 0.09027777777777778 
131 0.4305555555555556 0.5763888888888888 0.09027777777777778 0.09027777777777778 
112 0.84375 0.5798611111111112 0.09027777777777778 0.09027777777777778 
131 0.3958333333333333 0.4201388888888889 0.09027777777777778 0.09027777777777778 
120 0.4201388888888889 0.2361111111111111 0.09027777777777778 0.09027777777777778 
144 0.2534722222222222 0.6388888888888888 0.09027777777777778 0.09027777777777778 
97 0.6319444444444444 0.2638888888888889 0.09027777777777778 0.09027777777777778 
50 0.8923611111111112 0.6597222222222222 0.09027777777777778 0.09027777777777778 
11 0.3923611111111111 0.8923611111111112 0.09027777777777778 0.09027777777777778 
