62 0.4930555555555556 0.19791666666666666 0.09027777777777778 0.09027777777777778 
79 0.6354166666666666 0.4375 0.09027777777777778 0.09027777777777778 
36 0.4270833333333333 0.2881944444444444 0.09027777777777778 0.09027777777777778 
8 0.5555555555555556 0.13541666666666666 0.09027777777777778 0.09027777777777778 
42 0.1111111111111111 0.6388888888888888 0.09027777777777778 0.09027777777777778 
70 0.1076388888888889 0.2881944444444444 0.09027777777777778 0.09027777777777778 
81 0.8506944444444444 0.4930555555555556 0.09027777777777778 0.09027777777777778 
35 0.2534722222222222 0.4375 0.09027777777777778 0.09027777777777778 
87 0.4722222222222222 0.8576388888888888 0.09027777777777778 0.09027777777777778 
84 0.8090277777777778 0.4791666666666667 0.09027777777777778 0.09027777777777778 
