80 0.6666666666666666 0.7291666666666666 0.09027777777777778 0.09027777777777778 
94 0.8125 0.4236111111111111 0.09027777777777778 0.09027777777777778 
44 0.6875 0.4722222222222222 0.09027777777777778 0.09027777777777778 
151 0.7916666666666666 0.3020833333333333 0.09027777777777778 0.09027777777777778 
4 0.2534722222222222 0.08333333333333333 0.09027777777777778 0.09027777777777778 
141 0.7291666666666666 0.19791666666666666 0.09027777777777778 0.09027777777777778 
79 0.2326388888888889 0.1388888888888889 0.09027777777777778 0.09027777777777778 
15 0.9027777777777778 0.7048611111111112 0.09027777777777778 0.09027777777777778 
107 0.6319444444444444 0.6875 0.09027777777777778 0.09027777777777778 
64 0.5486111111111112 0.5104166666666666 0.09027777777777778 0.09027777777777778 
