14 0.9513888888888888 0.16666666666666666 0.09027777777777778 0.09027777777777778 
135 0.09375 0.7673611111111112 0.09027777777777778 0.09027777777777778 
151 0.28125 0.3784722222222222 0.09027777777777778 0.09027777777777778 
50 0.08333333333333333 0.8993055555555556 0.09027777777777778 0.09027777777777778 
12 0.9513888888888888 0.5555555555555556 0.09027777777777778 0.09027777777777778 
135 0.4236111111111111 0.5416666666666666 0.09027777777777778 0.09027777777777778 
155 0.6840277777777778 0.8993055555555556 0.09027777777777778 0.09027777777777778 
8 0.3402777777777778 0.1111111111111111 0.09027777777777778 0.09027777777777778 
137 0.5798611111111112 0.9166666666666666 0.09027777777777778 0.09027777777777778 
132 0.7395833333333334 0.059027777777777776 0.09027777777777778 0.09027777777777778 
