135 0.8125 0.9305555555555556 0.09027777777777778 0.09027777777777778 
99 0.5069444444444444 0.2013888888888889 0.09027777777777778 0.09027777777777778 
48 0.2673611111111111 0.7673611111111112 0.09027777777777778 0.09027777777777778 
141 0.8506944444444444 0.1597222222222222 0.09027777777777778 0.09027777777777778 
113 0.3888888888888889 0.1736111111111111 0.09027777777777778 0.09027777777777778 
117 0.6388888888888888 0.5486111111111112 0.09027777777777778 0.09027777777777778 
133 0.8576388888888888 0.8368055555555556 0.09027777777777778 0.09027777777777778 
61 0.4895833333333333 0.7083333333333334 0.09027777777777778 0.09027777777777778 
120 0.22916666666666666 0.7256944444444444 0.09027777777777778 0.09027777777777778 
20 0.9409722222222222 0.8645833333333334 0.09027777777777778 0.09027777777777778 
