56 0.19791666666666666 0.7326388888888888 0.09027777777777778 0.09027777777777778 
82 0.2847222222222222 0.6770833333333334 0.09027777777777778 0.09027777777777778 
41 0.3854166666666667 0.5381944444444444 0.09027777777777778 0.09027777777777778 
109 0.5694444444444444 0.8368055555555556 0.09027777777777778 0.09027777777777778 
155 0.2326388888888889 0.4409722222222222 0.09027777777777778 0.09027777777777778 
133 0.3888888888888889 0.2013888888888889 0.09027777777777778 0.09027777777777778 
39 0.4340277777777778 0.1909722222222222 0.09027777777777778 0.09027777777777778 
32 0.04861111111111111 0.16666666666666666 0.09027777777777778 0.09027777777777778 
58 0.1111111111111111 0.34375 0.09027777777777778 0.09027777777777778 
63 0.08680555555555555 0.8680555555555556 0.09027777777777778 0.09027777777777778 
