45 0.4513888888888889 0.13541666666666666 0.09027777777777778 0.09027777777777778 
117 0.40625 0.4756944444444444 0.09027777777777778 0.09027777777777778 
96 0.4513888888888889 0.1423611111111111 0.09027777777777778 0.09027777777777778 
156 0.7881944444444444 0.4930555555555556 0.09027777777777778 0.09027777777777778 
66 0.8055555555555556 0.5173611111111112 0.09027777777777778 0.09027777777777778 
139 0.34375 0.8333333333333334 0.09027777777777778 0.09027777777777778 
125 0.7638888888888888 0.9409722222222222 0.09027777777777778 0.09027777777777778 
146 0.22916666666666666 0.3854166666666667 0.09027777777777778 0.09027777777777778 
119 0.4861111111111111 0.17708333333333334 0.09027777777777778 0.09027777777777778 
89 0.21875 0.5868055555555556 0.09027777777777778 0.09027777777777778 
