112 0.6111111111111112 0.5069444444444444 0.09027777777777778 0.09027777777777778 
76 0.1840277777777778 0.5868055555555556 0.09027777777777778 0.09027777777777778 
46 0.3298611111111111 0.2916666666666667 0.09027777777777778 0.09027777777777778 
37 0.13194444444444445 0.5555555555555556 0.09027777777777778 0.09027777777777778 
97 0.9236111111111112 0.9236111111111112 0.09027777777777778 0.09027777777777778 
153 0.7569444444444444 0.052083333333333336 0.09027777777777778 0.09027777777777778 
57 0.2986111111111111 0.0625 0.09027777777777778 0.09027777777777778 
66 0.0625 0.14583333333333334 0.09027777777777778 0.09027777777777778 
93 0.06597222222222222 0.7777777777777778 0.09027777777777778 0.09027777777777778 
18 0.1875 0.6944444444444444 0.09027777777777778 0.09027777777777778 
