53 0.25 0.9236111111111112 0.09027777777777778 0.09027777777777778 
56 0.6770833333333334 0.5729166666666666 0.09027777777777778 0.09027777777777778 
38 0.1840277777777778 0.8923611111111112 0.09027777777777778 0.09027777777777778 
92 0.4236111111111111 0.2743055555555556 0.09027777777777778 0.09027777777777778 
143 0.1736111111111111 0.6597222222222222 0.09027777777777778 0.09027777777777778 
140 0.13194444444444445 0.5555555555555556 0.09027777777777778 0.09027777777777778 
119 0.21180555555555555 0.05555555555555555 0.09027777777777778 0.09027777777777778 
43 0.8854166666666666 0.22916666666666666 0.09027777777777778 0.09027777777777778 
125 0.4444444444444444 0.1284722222222222 0.09027777777777778 0.09027777777777778 
33 0.7951388888888888 0.4201388888888889 0.09027777777777778 0.09027777777777778 
