152 0.6354166666666666 0.3993055555555556 0.09027777777777778 0.09027777777777778 
115 0.09027777777777778 0.8402777777777778 0.09027777777777778 0.09027777777777778 
87 0.6631944444444444 0.84375 0.09027777777777778 0.09027777777777778 
42 0.09722222222222222 0.5729166666666666 0.09027777777777778 0.09027777777777778 
32 0.1388888888888889 0.13541666666666666 0.09027777777777778 0.09027777777777778 
100 0.3854166666666667 0.5659722222222222 0.09027777777777778 0.09027777777777778 
24 0.4270833333333333 0.5972222222222222 0.09027777777777778 0.09027777777777778 
80 0.2986111111111111 0.6736111111111112 0.09027777777777778 0.09027777777777778 
125 0.21875 0.04513888888888889 0.09027777777777778 0.09027777777777778 
80 0.4340277777777778 0.7638888888888888 0.09027777777777778 0.09027777777777778 
