94 0.5590277777777778 0.59375 0.09027777777777778 0.09027777777777778 
54 0.1284722222222222 0.8298611111111112 0.09027777777777778 0.09027777777777778 
38 0.0763888888888889 0.4930555555555556 0.09027777777777778 0.09027777777777778 
104 0.3854166666666667 0.5034722222222222 0.09027777777777778 0.09027777777777778 
16 0.0798611111111111 0.25 0.09027777777777778 0.09027777777777778 
77 0.6770833333333334 0.6840277777777778 0.09027777777777778 0.09027777777777778 
59 0.7604166666666666 0.052083333333333336 0.09027777777777778 0.09027777777777778 
115 0.1527777777777778 0.07291666666666667 0.09027777777777778 0.09027777777777778 
51 0.2743055555555556 0.2743055555555556 0.09027777777777778 0.09027777777777778 
156 0.9340277777777778 0.8159722222222222 0.09027777777777778 0.09027777777777778 
