33 0.2465277777777778 0.8333333333333334 0.09027777777777778 0.09027777777777778 
77 0.7395833333333334 0.4722222222222222 0.09027777777777778 0.09027777777777778 
43 0.1111111111111111 0.2847222222222222 0.09027777777777778 0.09027777777777778 
10 0.09027777777777778 0.2361111111111111 0.09027777777777778 0.09027777777777778 
81 0.04513888888888889 0.3576388888888889 0.09027777777777778 0.09027777777777778 
119 0.125 0.3159722222222222 0.09027777777777778 0.09027777777777778 
53 0.625 0.7013888888888888 0.09027777777777778 0.09027777777777778 
128 0.6597222222222222 0.7986111111111112 0.09027777777777778 0.09027777777777778 
58 0.2638888888888889 0.3472222222222222 0.09027777777777778 0.09027777777777778 
127 0.2534722222222222 0.3819444444444444 0.09027777777777778 0.09027777777777778 
