31 0.6770833333333334 0.4791666666666667 0.09027777777777778 0.09027777777777778 
9 0.8819444444444444 0.6076388888888888 0.09027777777777778 0.09027777777777778 
27 0.5625 0.6875 0.09027777777777778 0.09027777777777778 
113 0.6111111111111112 0.4444444444444444 0.09027777777777778 0.09027777777777778 
47 0.8784722222222222 0.11805555555555555 0.09027777777777778 0.09027777777777778 
67 0.3125 0.90625 0.09027777777777778 0.09027777777777778 
90 0.8506944444444444 0.6111111111111112 0.09027777777777778 0.09027777777777778 
113 0.1284722222222222 0.04513888888888889 0.09027777777777778 0.09027777777777778 
156 0.14583333333333334 0.4166666666666667 0.09027777777777778 0.09027777777777778 
111 0.2986111111111111 0.07291666666666667 0.09027777777777778 0.09027777777777778 
