52 0.90625 0.4166666666666667 0.09027777777777778 0.09027777777777778 
156 0.9409722222222222 0.5277777777777778 0.09027777777777778 0.09027777777777778 
63 0.6770833333333334 0.3611111111111111 0.09027777777777778 0.09027777777777778 
21 0.8506944444444444 0.7777777777777778 0.09027777777777778 0.09027777777777778 
61 0.6354166666666666 0.6909722222222222 0.09027777777777778 0.09027777777777778 
92 0.4895833333333333 0.4027777777777778 0.09027777777777778 0.09027777777777778 
146 0.3645833333333333 0.8819444444444444 0.09027777777777778 0.09027777777777778 
120 0.3715277777777778 0.4861111111111111 0.09027777777777778 0.09027777777777778 
87 0.7534722222222222 0.4479166666666667 0.09027777777777778 0.09027777777777778 
20 0.2152777777777778 0.8402777777777778 0.09027777777777778 0.09027777777777778 
