91 0.3298611111111111 0.10416666666666667 0.09027777777777778 0.09027777777777778 
93 0.7673611111111112 0.2986111111111111 0.09027777777777778 0.09027777777777778 
143 0.06944444444444445 0.9305555555555556 0.09027777777777778 0.09027777777777778 
37 0.2951388888888889 0.5555555555555556 0.09027777777777778 0.09027777777777778 
141 0.9236111111111112 0.1701388888888889 0.09027777777777778 0.09027777777777778 
90 0.1736111111111111 0.8472222222222222 0.09027777777777778 0.09027777777777778 
38 0.5486111111111112 0.3715277777777778 0.09027777777777778 0.09027777777777778 
33 0.5694444444444444 0.3020833333333333 0.09027777777777778 0.09027777777777778 
130 0.9097222222222222 0.7430555555555556 0.09027777777777778 0.09027777777777778 
2 0.53125 0.1701388888888889 0.09027777777777778 0.09027777777777778 
