51 0.375 0.2534722222222222 0.09027777777777778 0.09027777777777778 
90 0.059027777777777776 0.18055555555555555 0.09027777777777778 0.09027777777777778 
125 0.7743055555555556 0.9513888888888888 0.09027777777777778 0.09027777777777778 
97 0.6527777777777778 0.2152777777777778 0.09027777777777778 0.09027777777777778 
105 0.7604166666666666 0.2951388888888889 0.09027777777777778 0.09027777777777778 
73 0.7430555555555556 0.34375 0.09027777777777778 0.09027777777777778 
12 0.5902777777777778 0.4583333333333333 0.09027777777777778 0.09027777777777778 
13 0.4895833333333333 0.1736111111111111 0.09027777777777778 0.09027777777777778 
116 0.8993055555555556 0.5069444444444444 0.09027777777777778 0.09027777777777778 
22 0.3854166666666667 0.3368055555555556 0.09027777777777778 0.09027777777777778 
