150 0.1284722222222222 0.5243055555555556 0.09027777777777778 0.09027777777777778 
5 0.5243055555555556 0.2951388888888889 0.09027777777777778 0.09027777777777778 
6 0.84375 0.2604166666666667 0.09027777777777778 0.09027777777777778 
45 0.4097222222222222 0.7638888888888888 0.09027777777777778 0.09027777777777778 
86 0.3819444444444444 0.11805555555555555 0.09027777777777778 0.09027777777777778 
156 0.4270833333333333 0.4027777777777778 0.09027777777777778 0.09027777777777778 
48 0.11805555555555555 0.7465277777777778 0.09027777777777778 0.09027777777777778 
115 0.6423611111111112 0.6597222222222222 0.09027777777777778 0.09027777777777778 
16 0.5694444444444444 0.2326388888888889 0.09027777777777778 0.09027777777777778 
138 0.6666666666666666 0.2013888888888889 0.09027777777777778 0.09027777777777778 
