13 0.8923611111111112 0.13541666666666666 0.09027777777777778 0.09027777777777778 
60 0.8541666666666666 0.16319444444444445 0.09027777777777778 0.09027777777777778 
128 0.9305555555555556 0.12152777777777778 0.09027777777777778 0.09027777777777778 
97 0.04513888888888889 0.8541666666666666 0.09027777777777778 0.09027777777777778 
123 0.90625 0.22569444444444445 0.09027777777777778 0.09027777777777778 
9 0.875 0.71875 0.09027777777777778 0.09027777777777778 
135 0.9444444444444444 0.2361111111111111 0.09027777777777778 0.09027777777777778 
59 0.8125 0.8645833333333334 0.09027777777777778 0.09027777777777778 
134 0.1111111111111111 0.7430555555555556 0.09027777777777778 0.09027777777777778 
19 0.2604166666666667 0.9548611111111112 0.09027777777777778 0.09027777777777778 
