68 0.3333333333333333 0.8645833333333334 0.09027777777777778 0.09027777777777778 
150 0.8472222222222222 0.5069444444444444 0.09027777777777778 0.09027777777777778 
155 0.6180555555555556 0.8472222222222222 0.09027777777777778 0.09027777777777778 
100 0.8159722222222222 0.5 0.09027777777777778 0.09027777777777778 
156 0.8020833333333334 0.5659722222222222 0.09027777777777778 0.09027777777777778 
89 0.1423611111111111 0.8576388888888888 0.09027777777777778 0.09027777777777778 
90 0.1076388888888889 0.6145833333333334 0.09027777777777778 0.09027777777777778 
108 0.5520833333333334 0.7916666666666666 0.09027777777777778 0.09027777777777778 
34 0.4375 0.5 0.09027777777777778 0.09027777777777778 
63 0.84375 0.4583333333333333 0.09027777777777778 0.09027777777777778 
