7 0.375 0.06597222222222222 0.09027777777777778 0.09027777777777778 
29 0.3576388888888889 0.6076388888888888 0.09027777777777778 0.09027777777777778 
53 0.20833333333333334 0.14583333333333334 0.09027777777777778 0.09027777777777778 
5 0.2048611111111111 0.6840277777777778 0.09027777777777778 0.09027777777777778 
96 0.2916666666666667 0.14930555555555555 0.09027777777777778 0.09027777777777778 
115 0.3645833333333333 0.3020833333333333 0.09027777777777778 0.09027777777777778 
45 0.1423611111111111 0.8090277777777778 0.09027777777777778 0.09027777777777778 
21 0.1284722222222222 0.5729166666666666 0.09027777777777778 0.09027777777777778 
141 0.1423611111111111 0.19444444444444445 0.09027777777777778 0.09027777777777778 
150 0.2465277777777778 0.5486111111111112 0.09027777777777778 0.09027777777777778 
