64 0.22916666666666666 0.4375 0.09027777777777778 0.09027777777777778 
25 0.9201388888888888 0.7118055555555556 0.09027777777777778 0.09027777777777778 
82 0.6701388888888888 0.8090277777777778 0.09027777777777778 0.09027777777777778 
79 0.3854166666666667 0.53125 0.09027777777777778 0.09027777777777778 
49 0.8055555555555556 0.16666666666666666 0.09027777777777778 0.09027777777777778 
104 0.8263888888888888 0.8472222222222222 0.09027777777777778 0.09027777777777778 
145 0.3611111111111111 0.5555555555555556 0.09027777777777778 0.09027777777777778 
145 0.2881944444444444 0.5416666666666666 0.09027777777777778 0.09027777777777778 
1 0.8159722222222222 0.5625 0.09027777777777778 0.09027777777777778 
135 0.1423611111111111 0.0763888888888889 0.09027777777777778 0.09027777777777778 
