116 0.8125 0.4861111111111111 0.09027777777777778 0.09027777777777778 
85 0.4131944444444444 0.7986111111111112 0.09027777777777778 0.09027777777777778 
29 0.4548611111111111 0.8506944444444444 0.09027777777777778 0.09027777777777778 
134 0.5902777777777778 0.6319444444444444 0.09027777777777778 0.09027777777777778 
12 0.19444444444444445 0.05555555555555555 0.09027777777777778 0.09027777777777778 
87 0.8923611111111112 0.8333333333333334 0.09027777777777778 0.09027777777777778 
48 0.2361111111111111 0.8680555555555556 0.09027777777777778 0.09027777777777778 
142 0.3125 0.19444444444444445 0.09027777777777778 0.09027777777777778 
41 0.9479166666666666 0.9166666666666666 0.09027777777777778 0.09027777777777778 
70 0.09027777777777778 0.8819444444444444 0.09027777777777778 0.09027777777777778 
