59 0.11458333333333333 0.2986111111111111 0.09027777777777778 0.09027777777777778 
49 0.71875 0.4895833333333333 0.09027777777777778 0.09027777777777778 
120 0.4861111111111111 0.8368055555555556 0.09027777777777778 0.09027777777777778 
133 0.5520833333333334 0.3090277777777778 0.09027777777777778 0.09027777777777778 
156 0.6944444444444444 0.5763888888888888 0.09027777777777778 0.09027777777777778 
148 0.8541666666666666 0.6458333333333334 0.09027777777777778 0.09027777777777778 
38 0.09027777777777778 0.4930555555555556 0.09027777777777778 0.09027777777777778 
70 0.3055555555555556 0.625 0.09027777777777778 0.09027777777777778 
4 0.7708333333333334 0.4479166666666667 0.09027777777777778 0.09027777777777778 
91 0.4375 0.1701388888888889 0.09027777777777778 0.09027777777777778 
