135 0.2048611111111111 0.5486111111111112 0.09027777777777778 0.09027777777777778 
39 0.10416666666666667 0.3819444444444444 0.09027777777777778 0.09027777777777778 
93 0.3611111111111111 0.10069444444444445 0.09027777777777778 0.09027777777777778 
86 0.3298611111111111 0.04861111111111111 0.09027777777777778 0.09027777777777778 
19 0.3125 0.9131944444444444 0.09027777777777778 0.09027777777777778 
136 0.7395833333333334 0.5451388888888888 0.09027777777777778 0.09027777777777778 
123 0.5034722222222222 0.09722222222222222 0.09027777777777778 0.09027777777777778 
138 0.6145833333333334 0.5694444444444444 0.09027777777777778 0.09027777777777778 
31 0.8541666666666666 0.40625 0.09027777777777778 0.09027777777777778 
101 0.9027777777777778 0.14930555555555555 0.09027777777777778 0.09027777777777778 
