78 0.6111111111111112 0.7569444444444444 0.09027777777777778 0.09027777777777778 
45 0.4895833333333333 0.3194444444444444 0.09027777777777778 0.09027777777777778 
64 0.8958333333333334 0.1909722222222222 0.09027777777777778 0.09027777777777778 
71 0.5347222222222222 0.6805555555555556 0.09027777777777778 0.09027777777777778 
18 0.5763888888888888 0.7083333333333334 0.09027777777777778 0.09027777777777778 
84 0.5451388888888888 0.5451388888888888 0.09027777777777778 0.09027777777777778 
19 0.6215277777777778 0.3611111111111111 0.09027777777777778 0.09027777777777778 
113 0.4548611111111111 0.3333333333333333 0.09027777777777778 0.09027777777777778 
92 0.20833333333333334 0.9027777777777778 0.09027777777777778 0.09027777777777778 
3 0.6145833333333334 0.5381944444444444 0.09027777777777778 0.09027777777777778 
