92 0.4652777777777778 0.1388888888888889 0.09027777777777778 0.09027777777777778 
40 0.8958333333333334 0.7916666666666666 0.09027777777777778 0.09027777777777778 
104 0.9444444444444444 0.8020833333333334 0.09027777777777778 0.09027777777777778 
81 0.4513888888888889 0.5104166666666666 0.09027777777777778 0.09027777777777778 
126 0.3715277777777778 0.5590277777777778 0.09027777777777778 0.09027777777777778 
148 0.6354166666666666 0.2534722222222222 0.09027777777777778 0.09027777777777778 
31 0.7256944444444444 0.09027777777777778 0.09027777777777778 0.09027777777777778 
47 0.4305555555555556 0.46875 0.09027777777777778 0.09027777777777778 
36 0.4097222222222222 0.09027777777777778 0.09027777777777778 0.09027777777777778 
88 0.2777777777777778 0.3194444444444444 0.09027777777777778 0.09027777777777778 
