21 0.2326388888888889 0.2152777777777778 0.09027777777777778 0.09027777777777778 
75 0.5208333333333334 0.4895833333333333 0.09027777777777778 0.09027777777777778 
121 0.59375 0.3020833333333333 0.09027777777777778 0.09027777777777778 
14 0.8506944444444444 0.5347222222222222 0.09027777777777778 0.09027777777777778 
81 0.2048611111111111 0.5486111111111112 0.09027777777777778 0.09027777777777778 
21 0.3333333333333333 0.8888888888888888 0.09027777777777778 0.09027777777777778 
111 0.2013888888888889 0.125 0.09027777777777778 0.09027777777777778 
7 0.08680555555555555 0.4583333333333333 0.09027777777777778 0.09027777777777778 
105 0.09375 0.2534722222222222 0.09027777777777778 0.09027777777777778 
90 0.59375 0.22916666666666666 0.09027777777777778 0.09027777777777778 
