63 0.6493055555555556 0.7256944444444444 0.09027777777777778 0.09027777777777778 
52 0.16319444444444445 0.2916666666666667 0.09027777777777778 0.09027777777777778 
134 0.5416666666666666 0.5729166666666666 0.09027777777777778 0.09027777777777778 
108 0.8854166666666666 0.4756944444444444 0.09027777777777778 0.09027777777777778 
79 0.5555555555555556 0.6111111111111112 0.09027777777777778 0.09027777777777778 
18 0.7847222222222222 0.16666666666666666 0.09027777777777778 0.09027777777777778 
70 0.46875 0.08333333333333333 0.09027777777777778 0.09027777777777778 
26 0.5902777777777778 0.7708333333333334 0.09027777777777778 0.09027777777777778 
82 0.5590277777777778 0.4826388888888889 0.09027777777777778 0.09027777777777778 
75 0.6006944444444444 0.06597222222222222 0.09027777777777778 0.09027777777777778 
