69 0.3333333333333333 0.4513888888888889 0.09027777777777778 0.09027777777777778 
98 0.4791666666666667 0.3159722222222222 0.09027777777777778 0.09027777777777778 
7 0.6736111111111112 0.0763888888888889 0.09027777777777778 0.09027777777777778 
80 0.4444444444444444 0.7361111111111112 0.09027777777777778 0.09027777777777778 
48 0.7847222222222222 0.9479166666666666 0.09027777777777778 0.09027777777777778 
113 0.3090277777777778 0.9201388888888888 0.09027777777777778 0.09027777777777778 
126 0.7604166666666666 0.1423611111111111 0.09027777777777778 0.09027777777777778 
25 0.6875 0.125 0.09027777777777778 0.09027777777777778 
16 0.4027777777777778 0.12152777777777778 0.09027777777777778 0.09027777777777778 
127 0.6944444444444444 0.3402777777777778 0.09027777777777778 0.09027777777777778 
