69 0.09722222222222222 0.8923611111111112 0.09027777777777778 0.09027777777777778 
18 0.19444444444444445 0.1423611111111111 0.09027777777777778 0.09027777777777778 
60 0.6979166666666666 0.7916666666666666 0.09027777777777778 0.09027777777777778 
98 0.04861111111111111 0.4548611111111111 0.09027777777777778 0.09027777777777778 
82 0.9409722222222222 0.2881944444444444 0.09027777777777778 0.09027777777777778 
0 0.7569444444444444 0.8854166666666666 0.09027777777777778 0.09027777777777778 
67 0.4791666666666667 0.7048611111111112 0.09027777777777778 0.09027777777777778 
154 0.2361111111111111 0.7569444444444444 0.09027777777777778 0.09027777777777778 
148 0.3680555555555556 0.7604166666666666 0.09027777777777778 0.09027777777777778 
18 0.2222222222222222 0.5590277777777778 0.09027777777777778 0.09027777777777778 
