100 0.625 0.2326388888888889 0.09027777777777778 0.09027777777777778 
41 0.2534722222222222 0.22916666666666666 0.09027777777777778 0.09027777777777778 
46 0.4479166666666667 0.6840277777777778 0.09027777777777778 0.09027777777777778 
12 0.15625 0.65625 0.09027777777777778 0.09027777777777778 
9 0.5347222222222222 0.6527777777777778 0.09027777777777778 0.09027777777777778 
75 0.5208333333333334 0.10069444444444445 0.09027777777777778 0.09027777777777778 
87 0.1736111111111111 0.10416666666666667 0.09027777777777778 0.09027777777777778 
86 0.4097222222222222 0.7430555555555556 0.09027777777777778 0.09027777777777778 
12 0.2951388888888889 0.8888888888888888 0.09027777777777778 0.09027777777777778 
73 0.5659722222222222 0.6111111111111112 0.09027777777777778 0.09027777777777778 
