30 0.9166666666666666 0.90625 0.09027777777777778 0.09027777777777778 
2 0.10416666666666667 0.4097222222222222 0.09027777777777778 0.09027777777777778 
109 0.19791666666666666 0.05555555555555555 0.09027777777777778 0.09027777777777778 
29 0.8958333333333334 0.46875 0.09027777777777778 0.09027777777777778 
62 0.1840277777777778 0.052083333333333336 0.09027777777777778 0.09027777777777778 
84 0.9027777777777778 0.4756944444444444 0.09027777777777778 0.09027777777777778 
149 0.13541666666666666 0.9479166666666666 0.09027777777777778 0.09027777777777778 
17 0.1597222222222222 0.4861111111111111 0.09027777777777778 0.09027777777777778 
142 0.6006944444444444 0.4444444444444444 0.09027777777777778 0.09027777777777778 
157 0.3368055555555556 0.5729166666666666 0.09027777777777778 0.09027777777777778 
