83 0.5729166666666666 0.17708333333333334 0.09027777777777778 0.09027777777777778 
97 0.6111111111111112 0.1527777777777778 0.09027777777777778 0.09027777777777778 
132 0.2361111111111111 0.6840277777777778 0.09027777777777778 0.09027777777777778 
78 0.2743055555555556 0.7083333333333334 0.09027777777777778 0.09027777777777778 
100 0.8298611111111112 0.12152777777777778 0.09027777777777778 0.09027777777777778 
150 0.7638888888888888 0.5902777777777778 0.09027777777777778 0.09027777777777778 
82 0.5173611111111112 0.04861111111111111 0.09027777777777778 0.09027777777777778 
102 0.2777777777777778 0.625 0.09027777777777778 0.09027777777777778 
77 0.2881944444444444 0.75 0.09027777777777778 0.09027777777777778 
100 0.09722222222222222 0.4097222222222222 0.09027777777777778 0.09027777777777778 
