85 0.3194444444444444 0.2013888888888889 0.09027777777777778 0.09027777777777778 
45 0.5972222222222222 0.7430555555555556 0.09027777777777778 0.09027777777777778 
140 0.3854166666666667 0.7152777777777778 0.09027777777777778 0.09027777777777778 
50 0.7673611111111112 0.3368055555555556 0.09027777777777778 0.09027777777777778 
70 0.3090277777777778 0.3993055555555556 0.09027777777777778 0.09027777777777778 
75 0.6875 0.3888888888888889 0.09027777777777778 0.09027777777777778 
11 0.5243055555555556 0.0763888888888889 0.09027777777777778 0.09027777777777778 
130 0.0763888888888889 0.2847222222222222 0.09027777777777778 0.09027777777777778 
109 0.3993055555555556 0.8090277777777778 0.09027777777777778 0.09027777777777778 
157 0.3645833333333333 0.8854166666666666 0.09027777777777778 0.09027777777777778 
