69 0.6944444444444444 0.5590277777777778 0.09027777777777778 0.09027777777777778 
49 0.7326388888888888 0.5069444444444444 0.09027777777777778 0.09027777777777778 
60 0.8819444444444444 0.34375 0.09027777777777778 0.09027777777777778 
141 0.09722222222222222 0.6909722222222222 0.09027777777777778 0.09027777777777778 
81 0.3611111111111111 0.4409722222222222 0.09027777777777778 0.09027777777777778 
85 0.11458333333333333 0.4722222222222222 0.09027777777777778 0.09027777777777778 
60 0.20833333333333334 0.7569444444444444 0.09027777777777778 0.09027777777777778 
22 0.125 0.05555555555555555 0.09027777777777778 0.09027777777777778 
154 0.7152777777777778 0.4930555555555556 0.09027777777777778 0.09027777777777778 
46 0.7534722222222222 0.7361111111111112 0.09027777777777778 0.09027777777777778 
