52 0.8159722222222222 0.6666666666666666 0.09027777777777778 0.09027777777777778 
20 0.8993055555555556 0.6423611111111112 0.09027777777777778 0.09027777777777778 
93 0.1736111111111111 0.06944444444444445 0.09027777777777778 0.09027777777777778 
61 0.3402777777777778 0.6840277777777778 0.09027777777777778 0.09027777777777778 
147 0.2465277777777778 0.53125 0.09027777777777778 0.09027777777777778 
147 0.71875 0.08680555555555555 0.09027777777777778 0.09027777777777778 
108 0.5416666666666666 0.7708333333333334 0.09027777777777778 0.09027777777777778 
119 0.6319444444444444 0.3506944444444444 0.09027777777777778 0.09027777777777778 
87 0.6944444444444444 0.6076388888888888 0.09027777777777778 0.09027777777777778 
31 0.4895833333333333 0.7326388888888888 0.09027777777777778 0.09027777777777778 
