72 0.4895833333333333 0.3993055555555556 0.09027777777777778 0.09027777777777778 
109 0.2534722222222222 0.04513888888888889 0.09027777777777778 0.09027777777777778 
44 0.7083333333333334 0.7013888888888888 0.09027777777777778 0.09027777777777778 
81 0.6770833333333334 0.2708333333333333 0.09027777777777778 0.09027777777777778 
17 0.4861111111111111 0.5798611111111112 0.09027777777777778 0.09027777777777778 
89 0.8715277777777778 0.875 0.09027777777777778 0.09027777777777778 
114 0.2465277777777778 0.6979166666666666 0.09027777777777778 0.09027777777777778 
30 0.1909722222222222 0.8923611111111112 0.09027777777777778 0.09027777777777778 
115 0.3125 0.5069444444444444 0.09027777777777778 0.09027777777777778 
93 0.6736111111111112 0.5868055555555556 0.09027777777777778 0.09027777777777778 
