33 0.46875 0.5486111111111112 0.09027777777777778 0.09027777777777778 
35 0.2951388888888889 0.2847222222222222 0.09027777777777778 0.09027777777777778 
101 0.7638888888888888 0.5451388888888888 0.09027777777777778 0.09027777777777778 
81 0.21180555555555555 0.6076388888888888 0.09027777777777778 0.09027777777777778 
92 0.3611111111111111 0.4479166666666667 0.09027777777777778 0.09027777777777778 
157 0.375 0.7951388888888888 0.09027777777777778 0.09027777777777778 
70 0.3923611111111111 0.09375 0.09027777777777778 0.09027777777777778 
76 0.7951388888888888 0.9236111111111112 0.09027777777777778 0.09027777777777778 
26 0.3993055555555556 0.5381944444444444 0.09027777777777778 0.09027777777777778 
136 0.7361111111111112 0.8541666666666666 0.09027777777777778 0.09027777777777778 
