144 0.5520833333333334 0.5590277777777778 0.09027777777777778 0.09027777777777778 
12 0.19444444444444445 0.7743055555555556 0.09027777777777778 0.09027777777777778 
74 0.05555555555555555 0.28125 0.09027777777777778 0.09027777777777778 
119 0.059027777777777776 0.1736111111111111 0.09027777777777778 0.09027777777777778 
30 0.65625 0.3125 0.09027777777777778 0.09027777777777778 
54 0.7256944444444444 0.5173611111111112 0.09027777777777778 0.09027777777777778 
23 0.10416666666666667 0.6527777777777778 0.09027777777777778 0.09027777777777778 
93 0.5694444444444444 0.6666666666666666 0.09027777777777778 0.09027777777777778 
70 0.4444444444444444 0.3472222222222222 0.09027777777777778 0.09027777777777778 
53 0.84375 0.4375 0.09027777777777778 0.09027777777777778 
