75 0.6493055555555556 0.46875 0.09027777777777778 0.09027777777777778 
141 0.07291666666666667 0.9513888888888888 0.09027777777777778 0.09027777777777778 
0 0.6041666666666666 0.90625 0.09027777777777778 0.09027777777777778 
118 0.14583333333333334 0.2569444444444444 0.09027777777777778 0.09027777777777778 
34 0.5520833333333334 0.21180555555555555 0.09027777777777778 0.09027777777777778 
112 0.7291666666666666 0.13541666666666666 0.09027777777777778 0.09027777777777778 
109 0.4375 0.6041666666666666 0.09027777777777778 0.09027777777777778 
150 0.4513888888888889 0.125 0.09027777777777778 0.09027777777777778 
147 0.4027777777777778 0.4097222222222222 0.09027777777777778 0.09027777777777778 
156 0.4652777777777778 0.4652777777777778 0.09027777777777778 0.09027777777777778 
