55 0.16666666666666666 0.8298611111111112 0.09027777777777778 0.09027777777777778 
123 0.6284722222222222 0.05555555555555555 0.09027777777777778 0.09027777777777778 
112 0.7638888888888888 0.6215277777777778 0.09027777777777778 0.09027777777777778 
46 0.7395833333333334 0.5694444444444444 0.09027777777777778 0.09027777777777778 
17 0.65625 0.9097222222222222 0.09027777777777778 0.09027777777777778 
90 0.2916666666666667 0.5208333333333334 0.09027777777777778 0.09027777777777778 
146 0.5833333333333334 0.1423611111111111 0.09027777777777778 0.09027777777777778 
108 0.3020833333333333 0.40625 0.09027777777777778 0.09027777777777778 
106 0.5763888888888888 0.3506944444444444 0.09027777777777778 0.09027777777777778 
57 0.2534722222222222 0.4479166666666667 0.09027777777777778 0.09027777777777778 
