109 0.7118055555555556 0.2777777777777778 0.09027777777777778 0.09027777777777778 
8 0.8090277777777778 0.5173611111111112 0.09027777777777778 0.09027777777777778 
53 0.7083333333333334 0.3159722222222222 0.09027777777777778 0.09027777777777778 
8 0.7951388888888888 0.8263888888888888 0.09027777777777778 0.09027777777777778 
97 0.1736111111111111 0.8611111111111112 0.09027777777777778 0.09027777777777778 
47 0.3541666666666667 0.19791666666666666 0.09027777777777778 0.09027777777777778 
151 0.6631944444444444 0.8090277777777778 0.09027777777777778 0.09027777777777778 
15 0.06597222222222222 0.9166666666666666 0.09027777777777778 0.09027777777777778 
136 0.04861111111111111 0.6423611111111112 0.09027777777777778 0.09027777777777778 
41 0.16666666666666666 0.1284722222222222 0.09027777777777778 0.09027777777777778 
