81 0.8090277777777778 0.3680555555555556 0.09027777777777778 0.09027777777777778 
55 0.3958333333333333 0.7951388888888888 0.09027777777777778 0.09027777777777778 
84 0.7361111111111112 0.08680555555555555 0.09027777777777778 0.09027777777777778 
96 0.0798611111111111 0.10416666666666667 0.09027777777777778 0.09027777777777778 
118 0.5069444444444444 0.6840277777777778 0.09027777777777778 0.09027777777777778 
19 0.21180555555555555 0.5 0.09027777777777778 0.09027777777777778 
0 0.3472222222222222 0.5972222222222222 0.09027777777777778 0.09027777777777778 
56 0.7881944444444444 0.8020833333333334 0.09027777777777778 0.09027777777777778 
118 0.6736111111111112 0.3159722222222222 0.09027777777777778 0.09027777777777778 
123 0.9201388888888888 0.7604166666666666 0.09027777777777778 0.09027777777777778 
