150 0.5520833333333334 0.875 0.09027777777777778 0.09027777777777778 
15 0.3402777777777778 0.2048611111111111 0.09027777777777778 0.09027777777777778 
41 0.09722222222222222 0.6006944444444444 0.09027777777777778 0.09027777777777778 
107 0.2777777777777778 0.5034722222222222 0.09027777777777778 0.09027777777777778 
129 0.5520833333333334 0.09722222222222222 0.09027777777777778 0.09027777777777778 
65 0.8784722222222222 0.7361111111111112 0.09027777777777778 0.09027777777777778 
105 0.3576388888888889 0.1840277777777778 0.09027777777777778 0.09027777777777778 
133 0.6875 0.4756944444444444 0.09027777777777778 0.09027777777777778 
1 0.9409722222222222 0.6666666666666666 0.09027777777777778 0.09027777777777778 
72 0.2465277777777778 0.5694444444444444 0.09027777777777778 0.09027777777777778 
