145 0.10069444444444445 0.2326388888888889 0.09027777777777778 0.09027777777777778 
143 0.7916666666666666 0.3784722222222222 0.09027777777777778 0.09027777777777778 
157 0.7465277777777778 0.8298611111111112 0.09027777777777778 0.09027777777777778 
136 0.24305555555555555 0.5590277777777778 0.09027777777777778 0.09027777777777778 
99 0.04513888888888889 0.9027777777777778 0.09027777777777778 0.09027777777777778 
31 0.5104166666666666 0.8506944444444444 0.09027777777777778 0.09027777777777778 
16 0.7222222222222222 0.8923611111111112 0.09027777777777778 0.09027777777777778 
78 0.8506944444444444 0.8506944444444444 0.09027777777777778 0.09027777777777778 
143 0.7916666666666666 0.53125 0.09027777777777778 0.09027777777777778 
51 0.9513888888888888 0.7881944444444444 0.09027777777777778 0.09027777777777778 
