72 0.3229166666666667 0.6354166666666666 0.09027777777777778 0.09027777777777778 
48 0.19444444444444445 0.2152777777777778 0.09027777777777778 0.09027777777777778 
103 0.6840277777777778 0.5798611111111112 0.09027777777777778 0.09027777777777778 
27 0.8993055555555556 0.3958333333333333 0.09027777777777778 0.09027777777777778 
62 0.5173611111111112 0.04513888888888889 0.09027777777777778 0.09027777777777778 
124 0.5972222222222222 0.4583333333333333 0.09027777777777778 0.09027777777777778 
63 0.875 0.3715277777777778 0.09027777777777778 0.09027777777777778 
35 0.9201388888888888 0.0763888888888889 0.09027777777777778 0.09027777777777778 
153 0.2986111111111111 0.09722222222222222 0.09027777777777778 0.09027777777777778 
152 0.8506944444444444 0.9444444444444444 0.09027777777777778 0.09027777777777778 
