144 0.10069444444444445 0.8055555555555556 0.09027777777777778 0.09027777777777778 
142 0.8993055555555556 0.8576388888888888 0.09027777777777778 0.09027777777777778 
85 0.052083333333333336 0.9444444444444444 0.09027777777777778 0.09027777777777778 
113 0.4548611111111111 0.04513888888888889 0.09027777777777778 0.09027777777777778 
83 0.5069444444444444 0.4027777777777778 0.09027777777777778 0.09027777777777778 
28 0.6840277777777778 0.2326388888888889 0.09027777777777778 0.09027777777777778 
0 0.5381944444444444 0.2673611111111111 0.09027777777777778 0.09027777777777778 
113 0.5729166666666666 0.16666666666666666 0.09027777777777778 0.09027777777777778 
79 0.7048611111111112 0.5625 0.09027777777777778 0.09027777777777778 
98 0.12152777777777778 0.5694444444444444 0.09027777777777778 0.09027777777777778 
