142 0.7847222222222222 0.04861111111111111 0.09027777777777778 0.09027777777777778 
152 0.9513888888888888 0.09722222222222222 0.09027777777777778 0.09027777777777778 
85 0.3993055555555556 0.6736111111111112 0.09027777777777778 0.09027777777777778 
32 0.04861111111111111 0.40625 0.09027777777777778 0.09027777777777778 
116 0.2847222222222222 0.4618055555555556 0.09027777777777778 0.09027777777777778 
97 0.6006944444444444 0.5625 0.09027777777777778 0.09027777777777778 
4 0.1840277777777778 0.6666666666666666 0.09027777777777778 0.09027777777777778 
31 0.16666666666666666 0.6666666666666666 0.09027777777777778 0.09027777777777778 
51 0.9444444444444444 0.7708333333333334 0.09027777777777778 0.09027777777777778 
60 0.3715277777777778 0.4340277777777778 0.09027777777777778 0.09027777777777778 
