121 0.5243055555555556 0.2152777777777778 0.09027777777777778 0.09027777777777778 
122 0.7916666666666666 0.5381944444444444 0.09027777777777778 0.09027777777777778 
3 0.65625 0.9548611111111112 0.09027777777777778 0.09027777777777778 
131 0.6979166666666666 0.4930555555555556 0.09027777777777778 0.09027777777777778 
57 0.18055555555555555 0.5034722222222222 0.09027777777777778 0.09027777777777778 
105 0.1527777777777778 0.5 0.09027777777777778 0.09027777777777778 
106 0.6111111111111112 0.6840277777777778 0.09027777777777778 0.09027777777777778 
62 0.4618055555555556 0.2673611111111111 0.09027777777777778 0.09027777777777778 
70 0.8784722222222222 0.5416666666666666 0.09027777777777778 0.09027777777777778 
25 0.2777777777777778 0.6388888888888888 0.09027777777777778 0.09027777777777778 
