120 0.4027777777777778 0.4270833333333333 0.09027777777777778 0.09027777777777778 
115 0.2152777777777778 0.8576388888888888 0.09027777777777778 0.09027777777777778 
131 0.6944444444444444 0.4131944444444444 0.09027777777777778 0.09027777777777778 
62 0.22569444444444445 0.17708333333333334 0.09027777777777778 0.09027777777777778 
30 0.22569444444444445 0.2777777777777778 0.09027777777777778 0.09027777777777778 
97 0.5486111111111112 0.375 0.09027777777777778 0.09027777777777778 
18 0.5902777777777778 0.6597222222222222 0.09027777777777778 0.09027777777777778 
143 0.4930555555555556 0.7638888888888888 0.09027777777777778 0.09027777777777778 
7 0.7152777777777778 0.90625 0.09027777777777778 0.09027777777777778 
132 0.7291666666666666 0.6458333333333334 0.09027777777777778 0.09027777777777778 
