1 0.7847222222222222 0.4861111111111111 0.09027777777777778 0.09027777777777778 
65 0.5034722222222222 0.5590277777777778 0.09027777777777778 0.09027777777777778 
154 0.5902777777777778 0.2986111111111111 0.09027777777777778 0.09027777777777778 
65 0.6666666666666666 0.2222222222222222 0.09027777777777778 0.09027777777777778 
156 0.3333333333333333 0.3090277777777778 0.09027777777777778 0.09027777777777778 
60 0.08333333333333333 0.7986111111111112 0.09027777777777778 0.09027777777777778 
144 0.5590277777777778 0.3263888888888889 0.09027777777777778 0.09027777777777778 
136 0.8715277777777778 0.6631944444444444 0.09027777777777778 0.09027777777777778 
50 0.34375 0.8645833333333334 0.09027777777777778 0.09027777777777778 
104 0.7743055555555556 0.8090277777777778 0.09027777777777778 0.09027777777777778 
