79 0.2708333333333333 0.06944444444444445 0.09027777777777778 0.09027777777777778 
150 0.12152777777777778 0.6041666666666666 0.09027777777777778 0.09027777777777778 
35 0.5798611111111112 0.3472222222222222 0.09027777777777778 0.09027777777777778 
77 0.6006944444444444 0.4861111111111111 0.09027777777777778 0.09027777777777778 
9 0.8472222222222222 0.8506944444444444 0.09027777777777778 0.09027777777777778 
65 0.1597222222222222 0.4270833333333333 0.09027777777777778 0.09027777777777778 
121 0.4930555555555556 0.1111111111111111 0.09027777777777778 0.09027777777777778 
16 0.3993055555555556 0.4861111111111111 0.09027777777777778 0.09027777777777778 
6 0.4097222222222222 0.8472222222222222 0.09027777777777778 0.09027777777777778 
84 0.3402777777777778 0.1840277777777778 0.09027777777777778 0.09027777777777778 
