83 0.8715277777777778 0.8159722222222222 0.09027777777777778 0.09027777777777778 
76 0.7326388888888888 0.5659722222222222 0.09027777777777778 0.09027777777777778 
137 0.3506944444444444 0.1527777777777778 0.09027777777777778 0.09027777777777778 
29 0.1284722222222222 0.3993055555555556 0.09027777777777778 0.09027777777777778 
41 0.7916666666666666 0.9375 0.09027777777777778 0.09027777777777778 
63 0.09027777777777778 0.06944444444444445 0.09027777777777778 0.09027777777777778 
59 0.5 0.8819444444444444 0.09027777777777778 0.09027777777777778 
153 0.9479166666666666 0.15625 0.09027777777777778 0.09027777777777778 
9 0.4895833333333333 0.0798611111111111 0.09027777777777778 0.09027777777777778 
73 0.5972222222222222 0.5972222222222222 0.09027777777777778 0.09027777777777778 
