110 0.13541666666666666 0.6597222222222222 0.09027777777777778 0.09027777777777778 
61 0.4965277777777778 0.7465277777777778 0.09027777777777778 0.09027777777777778 
111 0.9479166666666666 0.4583333333333333 0.09027777777777778 0.09027777777777778 
50 0.7465277777777778 0.10069444444444445 0.09027777777777778 0.09027777777777778 
36 0.71875 0.8541666666666666 0.09027777777777778 0.09027777777777778 
2 0.6180555555555556 0.71875 0.09027777777777778 0.09027777777777778 
116 0.5173611111111112 0.09027777777777778 0.09027777777777778 0.09027777777777778 
130 0.5868055555555556 0.7881944444444444 0.09027777777777778 0.09027777777777778 
38 0.5347222222222222 0.3993055555555556 0.09027777777777778 0.09027777777777778 
34 0.09027777777777778 0.0763888888888889 0.09027777777777778 0.09027777777777778 
