9 0.21180555555555555 0.06597222222222222 0.09027777777777778 0.09027777777777778 
127 0.7673611111111112 0.08333333333333333 0.09027777777777778 0.09027777777777778 
0 0.3645833333333333 0.4201388888888889 0.09027777777777778 0.09027777777777778 
28 0.5520833333333334 0.12152777777777778 0.09027777777777778 0.09027777777777778 
62 0.5798611111111112 0.5486111111111112 0.09027777777777778 0.09027777777777778 
72 0.8298611111111112 0.2986111111111111 0.09027777777777778 0.09027777777777778 
56 0.5277777777777778 0.2881944444444444 0.09027777777777778 0.09027777777777778 
153 0.8819444444444444 0.8958333333333334 0.09027777777777778 0.09027777777777778 
67 0.6458333333333334 0.21875 0.09027777777777778 0.09027777777777778 
27 0.9444444444444444 0.8784722222222222 0.09027777777777778 0.09027777777777778 
