129 0.7152777777777778 0.7951388888888888 0.09027777777777778 0.09027777777777778 
54 0.1527777777777778 0.7013888888888888 0.09027777777777778 0.09027777777777778 
49 0.17708333333333334 0.6909722222222222 0.09027777777777778 0.09027777777777778 
61 0.4027777777777778 0.7222222222222222 0.09027777777777778 0.09027777777777778 
44 0.8576388888888888 0.9479166666666666 0.09027777777777778 0.09027777777777778 
114 0.11805555555555555 0.09722222222222222 0.09027777777777778 0.09027777777777778 
61 0.2916666666666667 0.1736111111111111 0.09027777777777778 0.09027777777777778 
110 0.6770833333333334 0.3645833333333333 0.09027777777777778 0.09027777777777778 
2 0.65625 0.2152777777777778 0.09027777777777778 0.09027777777777778 
111 0.34375 0.21875 0.09027777777777778 0.09027777777777778 
