104 0.4375 0.3333333333333333 0.09027777777777778 0.09027777777777778 
13 0.4826388888888889 0.1597222222222222 0.09027777777777778 0.09027777777777778 
66 0.8958333333333334 0.16319444444444445 0.09027777777777778 0.09027777777777778 
144 0.3194444444444444 0.6076388888888888 0.09027777777777778 0.09027777777777778 
111 0.6215277777777778 0.14930555555555555 0.09027777777777778 0.09027777777777778 
54 0.2534722222222222 0.2638888888888889 0.09027777777777778 0.09027777777777778 
60 0.6527777777777778 0.5590277777777778 0.09027777777777778 0.09027777777777778 
25 0.5243055555555556 0.8611111111111112 0.09027777777777778 0.09027777777777778 
60 0.5138888888888888 0.7395833333333334 0.09027777777777778 0.09027777777777778 
143 0.18055555555555555 0.2048611111111111 0.09027777777777778 0.09027777777777778 
