144 0.6597222222222222 0.1840277777777778 0.09027777777777778 0.09027777777777778 
50 0.4756944444444444 0.1527777777777778 0.09027777777777778 0.09027777777777778 
82 0.4722222222222222 0.6284722222222222 0.09027777777777778 0.09027777777777778 
71 0.7569444444444444 0.4201388888888889 0.09027777777777778 0.09027777777777778 
64 0.7916666666666666 0.7430555555555556 0.09027777777777778 0.09027777777777778 
94 0.625 0.05555555555555555 0.09027777777777778 0.09027777777777778 
104 0.1701388888888889 0.125 0.09027777777777778 0.09027777777777778 
42 0.13194444444444445 0.3020833333333333 0.09027777777777778 0.09027777777777778 
156 0.8090277777777778 0.6076388888888888 0.09027777777777778 0.09027777777777778 
110 0.2048611111111111 0.0763888888888889 0.09027777777777778 0.09027777777777778 
