25 0.2986111111111111 0.7083333333333334 0.09027777777777778 0.09027777777777778 
120 0.3472222222222222 0.22569444444444445 0.09027777777777778 0.09027777777777778 
21 0.9479166666666666 0.8645833333333334 0.09027777777777778 0.09027777777777778 
143 0.65625 0.7881944444444444 0.09027777777777778 0.09027777777777778 
134 0.4756944444444444 0.8368055555555556 0.09027777777777778 0.09027777777777778 
140 0.71875 0.6875 0.09027777777777778 0.09027777777777778 
119 0.53125 0.23958333333333334 0.09027777777777778 0.09027777777777778 
110 0.9236111111111112 0.625 0.09027777777777778 0.09027777777777778 
24 0.375 0.59375 0.09027777777777778 0.09027777777777778 
116 0.8958333333333334 0.8090277777777778 0.09027777777777778 0.09027777777777778 
