100 0.5694444444444444 0.3472222222222222 0.09027777777777778 0.09027777777777778 
90 0.16319444444444445 0.4479166666666667 0.09027777777777778 0.09027777777777778 
154 0.3333333333333333 0.4756944444444444 0.09027777777777778 0.09027777777777778 
68 0.65625 0.7673611111111112 0.09027777777777778 0.09027777777777778 
95 0.20833333333333334 0.11805555555555555 0.09027777777777778 0.09027777777777778 
96 0.4479166666666667 0.4409722222222222 0.09027777777777778 0.09027777777777778 
97 0.5416666666666666 0.84375 0.09027777777777778 0.09027777777777778 
73 0.7708333333333334 0.8819444444444444 0.09027777777777778 0.09027777777777778 
31 0.6701388888888888 0.8090277777777778 0.09027777777777778 0.09027777777777778 
130 0.1388888888888889 0.3541666666666667 0.09027777777777778 0.09027777777777778 
