144 0.22916666666666666 0.6423611111111112 0.09027777777777778 0.09027777777777778 
123 0.7291666666666666 0.2569444444444444 0.09027777777777778 0.09027777777777778 
122 0.5868055555555556 0.7430555555555556 0.09027777777777778 0.09027777777777778 
16 0.3506944444444444 0.3263888888888889 0.09027777777777778 0.09027777777777778 
112 0.7743055555555556 0.125 0.09027777777777778 0.09027777777777778 
56 0.6909722222222222 0.6805555555555556 0.09027777777777778 0.09027777777777778 
123 0.375 0.6111111111111112 0.09027777777777778 0.09027777777777778 
137 0.7569444444444444 0.4930555555555556 0.09027777777777778 0.09027777777777778 
97 0.8298611111111112 0.10416666666666667 0.09027777777777778 0.09027777777777778 
39 0.8472222222222222 0.4444444444444444 0.09027777777777778 0.09027777777777778 
