99 0.7986111111111112 0.10069444444444445 0.09027777777777778 0.09027777777777778 
116 0.3541666666666667 0.9375 0.09027777777777778 0.09027777777777778 
40 0.21875 0.4791666666666667 0.09027777777777778 0.09027777777777778 
71 0.19444444444444445 0.5034722222222222 0.09027777777777778 0.09027777777777778 
34 0.9236111111111112 0.8055555555555556 0.09027777777777778 0.09027777777777778 
118 0.4097222222222222 0.4097222222222222 0.09027777777777778 0.09027777777777778 
78 0.8993055555555556 0.5694444444444444 0.09027777777777778 0.09027777777777778 
66 0.6319444444444444 0.2951388888888889 0.09027777777777778 0.09027777777777778 
154 0.4166666666666667 0.4965277777777778 0.09027777777777778 0.09027777777777778 
70 0.2604166666666667 0.9236111111111112 0.09027777777777778 0.09027777777777778 
