37 0.5138888888888888 0.625 0.09027777777777778 0.09027777777777778 
101 0.1597222222222222 0.2847222222222222 0.09027777777777778 0.09027777777777778 
134 0.9548611111111112 0.3333333333333333 0.09027777777777778 0.09027777777777778 
55 0.04861111111111111 0.1736111111111111 0.09027777777777778 0.09027777777777778 
137 0.3923611111111111 0.6111111111111112 0.09027777777777778 0.09027777777777778 
74 0.8333333333333334 0.1736111111111111 0.09027777777777778 0.09027777777777778 
51 0.4652777777777778 0.3472222222222222 0.09027777777777778 0.09027777777777778 
56 0.1388888888888889 0.3194444444444444 0.09027777777777778 0.09027777777777778 
149 0.2951388888888889 0.9305555555555556 0.09027777777777778 0.09027777777777778 
54 0.5104166666666666 0.5104166666666666 0.09027777777777778 0.09027777777777778 
