13 0.8576388888888888 0.9444444444444444 0.09027777777777778 0.09027777777777778 
24 0.1284722222222222 0.6111111111111112 0.09027777777777778 0.09027777777777778 
57 0.16319444444444445 0.3993055555555556 0.09027777777777778 0.09027777777777778 
145 0.9340277777777778 0.4548611111111111 0.09027777777777778 0.09027777777777778 
3 0.3819444444444444 0.9236111111111112 0.09027777777777778 0.09027777777777778 
109 0.2708333333333333 0.6597222222222222 0.09027777777777778 0.09027777777777778 
52 0.04861111111111111 0.2569444444444444 0.09027777777777778 0.09027777777777778 
80 0.052083333333333336 0.6875 0.09027777777777778 0.09027777777777778 
129 0.20833333333333334 0.5416666666666666 0.09027777777777778 0.09027777777777778 
87 0.5173611111111112 0.7152777777777778 0.09027777777777778 0.09027777777777778 
