144 0.9236111111111112 0.6111111111111112 0.09027777777777778 0.09027777777777778 
119 0.8159722222222222 0.7465277777777778 0.09027777777777778 0.09027777777777778 
48 0.6979166666666666 0.2777777777777778 0.09027777777777778 0.09027777777777778 
123 0.2847222222222222 0.3368055555555556 0.09027777777777778 0.09027777777777778 
8 0.08680555555555555 0.125 0.09027777777777778 0.09027777777777778 
87 0.8506944444444444 0.11458333333333333 0.09027777777777778 0.09027777777777778 
131 0.7430555555555556 0.65625 0.09027777777777778 0.09027777777777778 
149 0.2847222222222222 0.9166666666666666 0.09027777777777778 0.09027777777777778 
131 0.2916666666666667 0.84375 0.09027777777777778 0.09027777777777778 
117 0.8680555555555556 0.10416666666666667 0.09027777777777778 0.09027777777777778 
