114 0.7743055555555556 0.7847222222222222 0.09027777777777778 0.09027777777777778 
138 0.059027777777777776 0.9201388888888888 0.09027777777777778 0.09027777777777778 
101 0.5138888888888888 0.7569444444444444 0.09027777777777778 0.09027777777777778 
80 0.5416666666666666 0.5798611111111112 0.09027777777777778 0.09027777777777778 
88 0.16319444444444445 0.9166666666666666 0.09027777777777778 0.09027777777777778 
78 0.5451388888888888 0.2569444444444444 0.09027777777777778 0.09027777777777778 
37 0.59375 0.8958333333333334 0.09027777777777778 0.09027777777777778 
107 0.1597222222222222 0.4340277777777778 0.09027777777777778 0.09027777777777778 
156 0.6805555555555556 0.7673611111111112 0.09027777777777778 0.09027777777777778 
5 0.2326388888888889 0.8159722222222222 0.09027777777777778 0.09027777777777778 
