124 0.0625 0.6527777777777778 0.09027777777777778 0.09027777777777778 
17 0.9513888888888888 0.3125 0.09027777777777778 0.09027777777777778 
68 0.9375 0.3298611111111111 0.09027777777777778 0.09027777777777778 
7 0.7465277777777778 0.04513888888888889 0.09027777777777778 0.09027777777777778 
24 0.8402777777777778 0.5277777777777778 0.09027777777777778 0.09027777777777778 
3 0.08333333333333333 0.28125 0.09027777777777778 0.09027777777777778 
60 0.5590277777777778 0.10416666666666667 0.09027777777777778 0.09027777777777778 
94 0.5243055555555556 0.2326388888888889 0.09027777777777778 0.09027777777777778 
105 0.10069444444444445 0.6319444444444444 0.09027777777777778 0.09027777777777778 
27 0.2638888888888889 0.21180555555555555 0.09027777777777778 0.09027777777777778 
