85 0.5972222222222222 0.4756944444444444 0.09027777777777778 0.09027777777777778 
100 0.1840277777777778 0.1875 0.09027777777777778 0.09027777777777778 
55 0.23958333333333334 0.6701388888888888 0.09027777777777778 0.09027777777777778 
21 0.4861111111111111 0.6666666666666666 0.09027777777777778 0.09027777777777778 
14 0.2673611111111111 0.8402777777777778 0.09027777777777778 0.09027777777777778 
140 0.3819444444444444 0.3472222222222222 0.09027777777777778 0.09027777777777778 
65 0.4097222222222222 0.7708333333333334 0.09027777777777778 0.09027777777777778 
55 0.5277777777777778 0.3611111111111111 0.09027777777777778 0.09027777777777778 
156 0.04861111111111111 0.7361111111111112 0.09027777777777778 0.09027777777777778 
47 0.3298611111111111 0.78125 0.09027777777777778 0.09027777777777778 
