70 0.9375 0.10416666666666667 0.09027777777777778 0.09027777777777778 
102 0.2743055555555556 0.04513888888888889 0.09027777777777778 0.09027777777777778 
144 0.7847222222222222 0.6875 0.09027777777777778 0.09027777777777778 
58 0.8576388888888888 0.9375 0.09027777777777778 0.09027777777777778 
54 0.8472222222222222 0.34375 0.09027777777777778 0.09027777777777778 
29 0.3923611111111111 0.0798611111111111 0.09027777777777778 0.09027777777777778 
13 0.0625 0.4340277777777778 0.09027777777777778 0.09027777777777778 
141 0.7048611111111112 0.4826388888888889 0.09027777777777778 0.09027777777777778 
71 0.5902777777777778 0.2013888888888889 0.09027777777777778 0.09027777777777778 
35 0.8194444444444444 0.6805555555555556 0.09027777777777778 0.09027777777777778 
