25 0.4756944444444444 0.6284722222222222 0.09027777777777778 0.09027777777777778 
114 0.3715277777777778 0.3888888888888889 0.09027777777777778 0.09027777777777778 
7 0.14583333333333334 0.4791666666666667 0.09027777777777778 0.09027777777777778 
112 0.84375 0.19791666666666666 0.09027777777777778 0.09027777777777778 
22 0.5833333333333334 0.7881944444444444 0.09027777777777778 0.09027777777777778 
12 0.16319444444444445 0.5208333333333334 0.09027777777777778 0.09027777777777778 
21 0.7534722222222222 0.6770833333333334 0.09027777777777778 0.09027777777777778 
39 0.2951388888888889 0.8194444444444444 0.09027777777777778 0.09027777777777778 
80 0.8888888888888888 0.8368055555555556 0.09027777777777778 0.09027777777777778 
139 0.5833333333333334 0.6944444444444444 0.09027777777777778 0.09027777777777778 
