135 0.7534722222222222 0.3125 0.09027777777777778 0.09027777777777778 
133 0.6041666666666666 0.7083333333333334 0.09027777777777778 0.09027777777777778 
41 0.3263888888888889 0.4965277777777778 0.09027777777777778 0.09027777777777778 
138 0.15625 0.13194444444444445 0.09027777777777778 0.09027777777777778 
137 0.4895833333333333 0.2152777777777778 0.09027777777777778 0.09027777777777778 
32 0.7673611111111112 0.14583333333333334 0.09027777777777778 0.09027777777777778 
48 0.7395833333333334 0.6979166666666666 0.09027777777777778 0.09027777777777778 
156 0.6284722222222222 0.4166666666666667 0.09027777777777778 0.09027777777777778 
86 0.5243055555555556 0.5729166666666666 0.09027777777777778 0.09027777777777778 
40 0.7152777777777778 0.9305555555555556 0.09027777777777778 0.09027777777777778 
