157 0.4652777777777778 0.0625 0.09027777777777778 0.09027777777777778 
150 0.10416666666666667 0.40625 0.09027777777777778 0.09027777777777778 
81 0.8229166666666666 0.8923611111111112 0.09027777777777778 0.09027777777777778 
35 0.5208333333333334 0.2673611111111111 0.09027777777777778 0.09027777777777778 
125 0.4826388888888889 0.0798611111111111 0.09027777777777778 0.09027777777777778 
66 0.24305555555555555 0.5659722222222222 0.09027777777777778 0.09027777777777778 
36 0.13194444444444445 0.2881944444444444 0.09027777777777778 0.09027777777777778 
35 0.7534722222222222 0.5416666666666666 0.09027777777777778 0.09027777777777778 
99 0.4166666666666667 0.3715277777777778 0.09027777777777778 0.09027777777777778 
131 0.6388888888888888 0.3506944444444444 0.09027777777777778 0.09027777777777778 
