72 0.8055555555555556 0.8020833333333334 0.09027777777777778 0.09027777777777778 
153 0.59375 0.9444444444444444 0.09027777777777778 0.09027777777777778 
150 0.05555555555555555 0.8645833333333334 0.09027777777777778 0.09027777777777778 
32 0.2847222222222222 0.7395833333333334 0.09027777777777778 0.09027777777777778 
109 0.6875 0.18055555555555555 0.09027777777777778 0.09027777777777778 
14 0.6805555555555556 0.9340277777777778 0.09027777777777778 0.09027777777777778 
39 0.8854166666666666 0.11458333333333333 0.09027777777777778 0.09027777777777778 
135 0.3298611111111111 0.3611111111111111 0.09027777777777778 0.09027777777777778 
2 0.17708333333333334 0.18055555555555555 0.09027777777777778 0.09027777777777778 
92 0.5381944444444444 0.2986111111111111 0.09027777777777778 0.09027777777777778 
