112 0.6388888888888888 0.0763888888888889 0.09027777777777778 0.09027777777777778 
104 0.7430555555555556 0.5381944444444444 0.09027777777777778 0.09027777777777778 
137 0.5833333333333334 0.8958333333333334 0.09027777777777778 0.09027777777777778 
6 0.2673611111111111 0.8645833333333334 0.09027777777777778 0.09027777777777778 
45 0.19444444444444445 0.4618055555555556 0.09027777777777778 0.09027777777777778 
21 0.8680555555555556 0.3541666666666667 0.09027777777777778 0.09027777777777778 
81 0.8680555555555556 0.7430555555555556 0.09027777777777778 0.09027777777777778 
45 0.5243055555555556 0.5902777777777778 0.09027777777777778 0.09027777777777778 
78 0.7395833333333334 0.21875 0.09027777777777778 0.09027777777777778 
15 0.8541666666666666 0.8680555555555556 0.09027777777777778 0.09027777777777778 
