81 0.15625 0.7569444444444444 0.09027777777777778 0.09027777777777778 
3 0.9375 0.3680555555555556 0.09027777777777778 0.09027777777777778 
23 0.8229166666666666 0.8368055555555556 0.09027777777777778 0.09027777777777778 
18 0.1701388888888889 0.5625 0.09027777777777778 0.09027777777777778 
79 0.4201388888888889 0.6701388888888888 0.09027777777777778 0.09027777777777778 
60 0.21180555555555555 0.71875 0.09027777777777778 0.09027777777777778 
32 0.78125 0.5833333333333334 0.09027777777777778 0.09027777777777778 
125 0.8298611111111112 0.8715277777777778 0.09027777777777778 0.09027777777777778 
111 0.19791666666666666 0.19791666666666666 0.09027777777777778 0.09027777777777778 
13 0.4479166666666667 0.40625 0.09027777777777778 0.09027777777777778 
