115 0.16319444444444445 0.7951388888888888 0.09027777777777778 0.09027777777777778 
68 0.5381944444444444 0.2673611111111111 0.09027777777777778 0.09027777777777778 
27 0.21180555555555555 0.8368055555555556 0.09027777777777778 0.09027777777777778 
124 0.8298611111111112 0.2708333333333333 0.09027777777777778 0.09027777777777778 
7 0.14930555555555555 0.8819444444444444 0.09027777777777778 0.09027777777777778 
134 0.4409722222222222 0.6875 0.09027777777777778 0.09027777777777778 
141 0.8993055555555556 0.8784722222222222 0.09027777777777778 0.09027777777777778 
111 0.5902777777777778 0.4930555555555556 0.09027777777777778 0.09027777777777778 
56 0.6423611111111112 0.5173611111111112 0.09027777777777778 0.09027777777777778 
37 0.3958333333333333 0.5902777777777778 0.09027777777777778 0.09027777777777778 
