109 0.6979166666666666 0.2986111111111111 0.09027777777777778 0.09027777777777778 
109 0.7395833333333334 0.6319444444444444 0.09027777777777778 0.09027777777777778 
41 0.2777777777777778 0.78125 0.09027777777777778 0.09027777777777778 
156 0.14930555555555555 0.8125 0.09027777777777778 0.09027777777777778 
58 0.13194444444444445 0.4201388888888889 0.09027777777777778 0.09027777777777778 
40 0.11458333333333333 0.6875 0.09027777777777778 0.09027777777777778 
114 0.1597222222222222 0.8506944444444444 0.09027777777777778 0.09027777777777778 
154 0.5833333333333334 0.8680555555555556 0.09027777777777778 0.09027777777777778 
71 0.875 0.5138888888888888 0.09027777777777778 0.09027777777777778 
40 0.10416666666666667 0.10416666666666667 0.09027777777777778 0.09027777777777778 
