60 0.3090277777777778 0.7361111111111112 0.09027777777777778 0.09027777777777778 
24 0.6840277777777778 0.8194444444444444 0.09027777777777778 0.09027777777777778 
59 0.4305555555555556 0.8020833333333334 0.09027777777777778 0.09027777777777778 
140 0.6875 0.8194444444444444 0.09027777777777778 0.09027777777777778 
13 0.6597222222222222 0.07291666666666667 0.09027777777777778 0.09027777777777778 
31 0.59375 0.10069444444444445 0.09027777777777778 0.09027777777777778 
103 0.8055555555555556 0.5104166666666666 0.09027777777777778 0.09027777777777778 
147 0.3402777777777778 0.7291666666666666 0.09027777777777778 0.09027777777777778 
2 0.8090277777777778 0.6354166666666666 0.09027777777777778 0.09027777777777778 
8 0.2777777777777778 0.3472222222222222 0.09027777777777778 0.09027777777777778 
