65 0.059027777777777776 0.1527777777777778 0.09027777777777778 0.09027777777777778 
17 0.1284722222222222 0.4618055555555556 0.09027777777777778 0.09027777777777778 
138 0.2534722222222222 0.4618055555555556 0.09027777777777778 0.09027777777777778 
3 0.2638888888888889 0.6770833333333334 0.09027777777777778 0.09027777777777778 
134 0.8854166666666666 0.40625 0.09027777777777778 0.09027777777777778 
21 0.9340277777777778 0.1736111111111111 0.09027777777777778 0.09027777777777778 
88 0.0798611111111111 0.24305555555555555 0.09027777777777778 0.09027777777777778 
108 0.1111111111111111 0.12152777777777778 0.09027777777777778 0.09027777777777778 
72 0.6666666666666666 0.3229166666666667 0.09027777777777778 0.09027777777777778 
86 0.9236111111111112 0.2152777777777778 0.09027777777777778 0.09027777777777778 
