83 0.3506944444444444 0.5173611111111112 0.09027777777777778 0.09027777777777778 
41 0.375 0.6770833333333334 0.09027777777777778 0.09027777777777778 
48 0.5347222222222222 0.16666666666666666 0.09027777777777778 0.09027777777777778 
95 0.2152777777777778 0.4409722222222222 0.09027777777777778 0.09027777777777778 
150 0.46875 0.6597222222222222 0.09027777777777778 0.09027777777777778 
45 0.7673611111111112 0.6944444444444444 0.09027777777777778 0.09027777777777778 
115 0.6770833333333334 0.4548611111111111 0.09027777777777778 0.09027777777777778 
47 0.5034722222222222 0.4930555555555556 0.09027777777777778 0.09027777777777778 
12 0.15625 0.4965277777777778 0.09027777777777778 0.09027777777777778 
20 0.4652777777777778 0.6770833333333334 0.09027777777777778 0.09027777777777778 
