51 0.9375 0.2465277777777778 0.09027777777777778 0.09027777777777778 
11 0.1423611111111111 0.2951388888888889 0.09027777777777778 0.09027777777777778 
39 0.7673611111111112 0.09375 0.09027777777777778 0.09027777777777778 
120 0.8506944444444444 0.20833333333333334 0.09027777777777778 0.09027777777777778 
62 0.14583333333333334 0.4722222222222222 0.09027777777777778 0.09027777777777778 
1 0.5277777777777778 0.22569444444444445 0.09027777777777778 0.09027777777777778 
8 0.7847222222222222 0.7013888888888888 0.09027777777777778 0.09027777777777778 
22 0.3819444444444444 0.22916666666666666 0.09027777777777778 0.09027777777777778 
10 0.8020833333333334 0.0625 0.09027777777777778 0.09027777777777778 
117 0.2534722222222222 0.2326388888888889 0.09027777777777778 0.09027777777777778 
