66 0.11805555555555555 0.2048611111111111 0.09027777777777778 0.09027777777777778 
75 0.24305555555555555 0.6979166666666666 0.09027777777777778 0.09027777777777778 
44 0.4861111111111111 0.6319444444444444 0.09027777777777778 0.09027777777777778 
147 0.6458333333333334 0.1111111111111111 0.09027777777777778 0.09027777777777778 
17 0.8298611111111112 0.9131944444444444 0.09027777777777778 0.09027777777777778 
115 0.2777777777777778 0.6701388888888888 0.09027777777777778 0.09027777777777778 
33 0.7951388888888888 0.8541666666666666 0.09027777777777778 0.09027777777777778 
97 0.0798611111111111 0.46875 0.09027777777777778 0.09027777777777778 
80 0.6840277777777778 0.4722222222222222 0.09027777777777778 0.09027777777777778 
57 0.3125 0.4756944444444444 0.09027777777777778 0.09027777777777778 
