43 0.3194444444444444 0.7465277777777778 0.09027777777777778 0.09027777777777778 
106 0.5590277777777778 0.8333333333333334 0.09027777777777778 0.09027777777777778 
113 0.1527777777777778 0.75 0.09027777777777778 0.09027777777777778 
4 0.8298611111111112 0.06944444444444445 0.09027777777777778 0.09027777777777778 
147 0.6944444444444444 0.2534722222222222 0.09027777777777778 0.09027777777777778 
74 0.5833333333333334 0.7916666666666666 0.09027777777777778 0.09027777777777778 
157 0.8159722222222222 0.2847222222222222 0.09027777777777778 0.09027777777777778 
118 0.9548611111111112 0.4027777777777778 0.09027777777777778 0.09027777777777778 
130 0.3854166666666667 0.1423611111111111 0.09027777777777778 0.09027777777777778 
92 0.2569444444444444 0.3229166666666667 0.09027777777777778 0.09027777777777778 
