135 0.5659722222222222 0.46875 0.09027777777777778 0.09027777777777778 
66 0.8159722222222222 0.2361111111111111 0.09027777777777778 0.09027777777777778 
153 0.4791666666666667 0.2638888888888889 0.09027777777777778 0.09027777777777778 
102 0.2569444444444444 0.4444444444444444 0.09027777777777778 0.09027777777777778 
36 0.3819444444444444 0.17708333333333334 0.09027777777777778 0.09027777777777778 
14 0.6076388888888888 0.5763888888888888 0.09027777777777778 0.09027777777777778 
152 0.2951388888888889 0.2361111111111111 0.09027777777777778 0.09027777777777778 
65 0.875 0.8854166666666666 0.09027777777777778 0.09027777777777778 
101 0.05555555555555555 0.7118055555555556 0.09027777777777778 0.09027777777777778 
12 0.2222222222222222 0.3229166666666667 0.09027777777777778 0.09027777777777778 
