76 0.9548611111111112 0.5173611111111112 0.09027777777777778 0.09027777777777778 
148 0.375 0.7847222222222222 0.09027777777777778 0.09027777777777778 
1 0.4305555555555556 0.4166666666666667 0.09027777777777778 0.09027777777777778 
144 0.16319444444444445 0.6875 0.09027777777777778 0.09027777777777778 
94 0.1284722222222222 0.2916666666666667 0.09027777777777778 0.09027777777777778 
105 0.3923611111111111 0.8611111111111112 0.09027777777777778 0.09027777777777778 
55 0.5659722222222222 0.7291666666666666 0.09027777777777778 0.09027777777777778 
99 0.5347222222222222 0.4895833333333333 0.09027777777777778 0.09027777777777778 
81 0.3090277777777778 0.8194444444444444 0.09027777777777778 0.09027777777777778 
115 0.6041666666666666 0.7534722222222222 0.09027777777777778 0.09027777777777778 
