153 0.2534722222222222 0.1597222222222222 0.09027777777777778 0.09027777777777778 
121 0.6666666666666666 0.7430555555555556 0.09027777777777778 0.09027777777777778 
72 0.4270833333333333 0.2465277777777778 0.09027777777777778 0.09027777777777778 
89 0.14583333333333334 0.4027777777777778 0.09027777777777778 0.09027777777777778 
153 0.8298611111111112 0.13541666666666666 0.09027777777777778 0.09027777777777778 
85 0.8993055555555556 0.2951388888888889 0.09027777777777778 0.09027777777777778 
60 0.9305555555555556 0.5833333333333334 0.09027777777777778 0.09027777777777778 
31 0.2708333333333333 0.6111111111111112 0.09027777777777778 0.09027777777777778 
117 0.5729166666666666 0.22569444444444445 0.09027777777777778 0.09027777777777778 
85 0.0763888888888889 0.2465277777777778 0.09027777777777778 0.09027777777777778 
