34 0.5069444444444444 0.5763888888888888 0.09027777777777778 0.09027777777777778 
151 0.21875 0.08333333333333333 0.09027777777777778 0.09027777777777778 
120 0.3125 0.19791666666666666 0.09027777777777778 0.09027777777777778 
125 0.8576388888888888 0.3020833333333333 0.09027777777777778 0.09027777777777778 
27 0.4131944444444444 0.3159722222222222 0.09027777777777778 0.09027777777777778 
142 0.40625 0.3923611111111111 0.09027777777777778 0.09027777777777778 
95 0.8472222222222222 0.3645833333333333 0.09027777777777778 0.09027777777777778 
22 0.13194444444444445 0.18055555555555555 0.09027777777777778 0.09027777777777778 
38 0.05555555555555555 0.8576388888888888 0.09027777777777778 0.09027777777777778 
77 0.1111111111111111 0.9270833333333334 0.09027777777777778 0.09027777777777778 
