125 0.7048611111111112 0.8472222222222222 0.09027777777777778 0.09027777777777778 
33 0.7152777777777778 0.5763888888888888 0.09027777777777778 0.09027777777777778 
136 0.3541666666666667 0.3333333333333333 0.09027777777777778 0.09027777777777778 
59 0.8055555555555556 0.5625 0.09027777777777778 0.09027777777777778 
65 0.5173611111111112 0.5868055555555556 0.09027777777777778 0.09027777777777778 
128 0.6423611111111112 0.4652777777777778 0.09027777777777778 0.09027777777777778 
3 0.3576388888888889 0.3888888888888889 0.09027777777777778 0.09027777777777778 
71 0.5486111111111112 0.4236111111111111 0.09027777777777778 0.09027777777777778 
96 0.2326388888888889 0.8576388888888888 0.09027777777777778 0.09027777777777778 
36 0.8888888888888888 0.8402777777777778 0.09027777777777778 0.09027777777777778 
