157 0.6701388888888888 0.6041666666666666 0.09027777777777778 0.09027777777777778 
112 0.9513888888888888 0.3298611111111111 0.09027777777777778 0.09027777777777778 
45 0.13541666666666666 0.1840277777777778 0.09027777777777778 0.09027777777777778 
124 0.5173611111111112 0.3263888888888889 0.09027777777777778 0.09027777777777778 
30 0.18055555555555555 0.3576388888888889 0.09027777777777778 0.09027777777777778 
104 0.6076388888888888 0.4513888888888889 0.09027777777777778 0.09027777777777778 
19 0.6041666666666666 0.6388888888888888 0.09027777777777778 0.09027777777777778 
10 0.4479166666666667 0.8576388888888888 0.09027777777777778 0.09027777777777778 
157 0.4861111111111111 0.9201388888888888 0.09027777777777778 0.09027777777777778 
116 0.7569444444444444 0.24305555555555555 0.09027777777777778 0.09027777777777778 
