28 0.22916666666666666 0.5486111111111112 0.09027777777777778 0.09027777777777778 
17 0.7222222222222222 0.5 0.09027777777777778 0.09027777777777778 
50 0.6909722222222222 0.7743055555555556 0.09027777777777778 0.09027777777777778 
112 0.5833333333333334 0.1597222222222222 0.09027777777777778 0.09027777777777778 
154 0.34375 0.08333333333333333 0.09027777777777778 0.09027777777777778 
19 0.8194444444444444 0.8159722222222222 0.09027777777777778 0.09027777777777778 
126 0.3020833333333333 0.4791666666666667 0.09027777777777778 0.09027777777777778 
117 0.9409722222222222 0.2743055555555556 0.09027777777777778 0.09027777777777778 
81 0.6805555555555556 0.4097222222222222 0.09027777777777778 0.09027777777777778 
16 0.3020833333333333 0.2916666666666667 0.09027777777777778 0.09027777777777778 
