79 0.09722222222222222 0.7013888888888888 0.09027777777777778 0.09027777777777778 
137 0.7291666666666666 0.7604166666666666 0.09027777777777778 0.09027777777777778 
126 0.4236111111111111 0.2777777777777778 0.09027777777777778 0.09027777777777778 
77 0.1736111111111111 0.9201388888888888 0.09027777777777778 0.09027777777777778 
61 0.4375 0.16319444444444445 0.09027777777777778 0.09027777777777778 
90 0.7222222222222222 0.24305555555555555 0.09027777777777778 0.09027777777777778 
59 0.16666666666666666 0.4618055555555556 0.09027777777777778 0.09027777777777778 
24 0.3784722222222222 0.8333333333333334 0.09027777777777778 0.09027777777777778 
117 0.9513888888888888 0.6215277777777778 0.09027777777777778 0.09027777777777778 
154 0.5208333333333334 0.9027777777777778 0.09027777777777778 0.09027777777777778 
