64 0.625 0.5416666666666666 0.09027777777777778 0.09027777777777778 
135 0.4270833333333333 0.7708333333333334 0.09027777777777778 0.09027777777777778 
52 0.6145833333333334 0.2777777777777778 0.09027777777777778 0.09027777777777778 
61 0.2048611111111111 0.6631944444444444 0.09027777777777778 0.09027777777777778 
81 0.4444444444444444 0.1736111111111111 0.09027777777777778 0.09027777777777778 
70 0.15625 0.6597222222222222 0.09027777777777778 0.09027777777777778 
84 0.3819444444444444 0.7395833333333334 0.09027777777777778 0.09027777777777778 
57 0.3819444444444444 0.06597222222222222 0.09027777777777778 0.09027777777777778 
20 0.16319444444444445 0.9375 0.09027777777777778 0.09027777777777778 
102 0.8055555555555556 0.125 0.09027777777777778 0.09027777777777778 
