82 0.07291666666666667 0.6979166666666666 0.09027777777777778 0.09027777777777778 
64 0.65625 0.9340277777777778 0.09027777777777778 0.09027777777777778 
41 0.09722222222222222 0.5 0.09027777777777778 0.09027777777777778 
32 0.4027777777777778 0.625 0.09027777777777778 0.09027777777777778 
119 0.53125 0.7118055555555556 0.09027777777777778 0.09027777777777778 
152 0.3298611111111111 0.16319444444444445 0.09027777777777778 0.09027777777777778 
70 0.3229166666666667 0.4444444444444444 0.09027777777777778 0.09027777777777778 
65 0.0798611111111111 0.21180555555555555 0.09027777777777778 0.09027777777777778 
27 0.8333333333333334 0.6076388888888888 0.09027777777777778 0.09027777777777778 
101 0.2222222222222222 0.3263888888888889 0.09027777777777778 0.09027777777777778 
