58 0.6076388888888888 0.2777777777777778 0.09027777777777778 0.09027777777777778 
25 0.53125 0.28125 0.09027777777777778 0.09027777777777778 
108 0.8020833333333334 0.4201388888888889 0.09027777777777778 0.09027777777777778 
26 0.4479166666666667 0.5590277777777778 0.09027777777777778 0.09027777777777778 
0 0.7673611111111112 0.2708333333333333 0.09027777777777778 0.09027777777777778 
7 0.8055555555555556 0.0625 0.09027777777777778 0.09027777777777778 
157 0.4375 0.3993055555555556 0.09027777777777778 0.09027777777777778 
0 0.59375 0.8263888888888888 0.09027777777777778 0.09027777777777778 
149 0.8159722222222222 0.7881944444444444 0.09027777777777778 0.09027777777777778 
145 0.4305555555555556 0.4097222222222222 0.09027777777777778 0.09027777777777778 
