142 0.4027777777777778 0.9201388888888888 0.09027777777777778 0.09027777777777778 
154 0.8194444444444444 0.4236111111111111 0.09027777777777778 0.09027777777777778 
127 0.17708333333333334 0.7534722222222222 0.09027777777777778 0.09027777777777778 
85 0.2916666666666667 0.8368055555555556 0.09027777777777778 0.09027777777777778 
54 0.8645833333333334 0.059027777777777776 0.09027777777777778 0.09027777777777778 
122 0.8194444444444444 0.8819444444444444 0.09027777777777778 0.09027777777777778 
10 0.8263888888888888 0.8194444444444444 0.09027777777777778 0.09027777777777778 
69 0.5069444444444444 0.06597222222222222 0.09027777777777778 0.09027777777777778 
156 0.9479166666666666 0.22569444444444445 0.09027777777777778 0.09027777777777778 
137 0.3611111111111111 0.9305555555555556 0.09027777777777778 0.09027777777777778 
