57 0.5659722222222222 0.8472222222222222 0.09027777777777778 0.09027777777777778 
8 0.07291666666666667 0.5798611111111112 0.09027777777777778 0.09027777777777778 
132 0.5763888888888888 0.3645833333333333 0.09027777777777778 0.09027777777777778 
132 0.19791666666666666 0.6180555555555556 0.09027777777777778 0.09027777777777778 
45 0.3194444444444444 0.5555555555555556 0.09027777777777778 0.09027777777777778 
45 0.375 0.9479166666666666 0.09027777777777778 0.09027777777777778 
30 0.5833333333333334 0.8993055555555556 0.09027777777777778 0.09027777777777778 
90 0.4027777777777778 0.9444444444444444 0.09027777777777778 0.09027777777777778 
136 0.3680555555555556 0.9548611111111112 0.09027777777777778 0.09027777777777778 
48 0.4756944444444444 0.9548611111111112 0.09027777777777778 0.09027777777777778 
