144 0.5763888888888888 0.875 0.09027777777777778 0.09027777777777778 
70 0.4722222222222222 0.25 0.09027777777777778 0.09027777777777778 
11 0.059027777777777776 0.59375 0.09027777777777778 0.09027777777777778 
71 0.7013888888888888 0.052083333333333336 0.09027777777777778 0.09027777777777778 
91 0.5729166666666666 0.4131944444444444 0.09027777777777778 0.09027777777777778 
123 0.2326388888888889 0.052083333333333336 0.09027777777777778 0.09027777777777778 
70 0.875 0.3020833333333333 0.09027777777777778 0.09027777777777778 
93 0.6388888888888888 0.5729166666666666 0.09027777777777778 0.09027777777777778 
72 0.7465277777777778 0.9513888888888888 0.09027777777777778 0.09027777777777778 
66 0.6840277777777778 0.7118055555555556 0.09027777777777778 0.09027777777777778 
