76 0.7256944444444444 0.7847222222222222 0.09027777777777778 0.09027777777777778 
17 0.6701388888888888 0.6770833333333334 0.09027777777777778 0.09027777777777778 
133 0.5277777777777778 0.9375 0.09027777777777778 0.09027777777777778 
134 0.5763888888888888 0.5625 0.09027777777777778 0.09027777777777778 
114 0.0763888888888889 0.9340277777777778 0.09027777777777778 0.09027777777777778 
133 0.1423611111111111 0.5034722222222222 0.09027777777777778 0.09027777777777778 
25 0.24305555555555555 0.4652777777777778 0.09027777777777778 0.09027777777777778 
28 0.2222222222222222 0.3993055555555556 0.09027777777777778 0.09027777777777778 
139 0.6145833333333334 0.5729166666666666 0.09027777777777778 0.09027777777777778 
139 0.0763888888888889 0.6597222222222222 0.09027777777777778 0.09027777777777778 
