122 0.7534722222222222 0.3993055555555556 0.09027777777777778 0.09027777777777778 
20 0.19791666666666666 0.3472222222222222 0.09027777777777778 0.09027777777777778 
8 0.3958333333333333 0.4930555555555556 0.09027777777777778 0.09027777777777778 
9 0.7083333333333334 0.6527777777777778 0.09027777777777778 0.09027777777777778 
80 0.8298611111111112 0.3541666666666667 0.09027777777777778 0.09027777777777778 
37 0.8993055555555556 0.7465277777777778 0.09027777777777778 0.09027777777777778 
15 0.8923611111111112 0.6840277777777778 0.09027777777777778 0.09027777777777778 
147 0.1076388888888889 0.2743055555555556 0.09027777777777778 0.09027777777777778 
118 0.8298611111111112 0.05555555555555555 0.09027777777777778 0.09027777777777778 
33 0.8541666666666666 0.8090277777777778 0.09027777777777778 0.09027777777777778 
