33 0.7013888888888888 0.08333333333333333 0.09027777777777778 0.09027777777777778 
154 0.2743055555555556 0.6840277777777778 0.09027777777777778 0.09027777777777778 
120 0.5138888888888888 0.1701388888888889 0.09027777777777778 0.09027777777777778 
90 0.7326388888888888 0.059027777777777776 0.09027777777777778 0.09027777777777778 
64 0.2916666666666667 0.2743055555555556 0.09027777777777778 0.09027777777777778 
71 0.8541666666666666 0.2465277777777778 0.09027777777777778 0.09027777777777778 
113 0.5868055555555556 0.1423611111111111 0.09027777777777778 0.09027777777777778 
56 0.23958333333333334 0.4340277777777778 0.09027777777777778 0.09027777777777778 
104 0.7638888888888888 0.28125 0.09027777777777778 0.09027777777777778 
41 0.1701388888888889 0.7395833333333334 0.09027777777777778 0.09027777777777778 
