143 0.2604166666666667 0.75 0.09027777777777778 0.09027777777777778 
77 0.6388888888888888 0.5590277777777778 0.09027777777777778 0.09027777777777778 
69 0.4131944444444444 0.9097222222222222 0.09027777777777778 0.09027777777777778 
155 0.5902777777777778 0.11458333333333333 0.09027777777777778 0.09027777777777778 
128 0.6493055555555556 0.1111111111111111 0.09027777777777778 0.09027777777777778 
90 0.9409722222222222 0.17708333333333334 0.09027777777777778 0.09027777777777778 
93 0.4861111111111111 0.3402777777777778 0.09027777777777778 0.09027777777777778 
47 0.05555555555555555 0.3506944444444444 0.09027777777777778 0.09027777777777778 
130 0.5243055555555556 0.17708333333333334 0.09027777777777778 0.09027777777777778 
9 0.059027777777777776 0.04513888888888889 0.09027777777777778 0.09027777777777778 
