145 0.10069444444444445 0.7013888888888888 0.09027777777777778 0.09027777777777778 
63 0.2604166666666667 0.5555555555555556 0.09027777777777778 0.09027777777777778 
95 0.1284722222222222 0.65625 0.09027777777777778 0.09027777777777778 
44 0.04513888888888889 0.4027777777777778 0.09027777777777778 0.09027777777777778 
94 0.2604166666666667 0.2708333333333333 0.09027777777777778 0.09027777777777778 
65 0.4375 0.4583333333333333 0.09027777777777778 0.09027777777777778 
56 0.1111111111111111 0.18055555555555555 0.09027777777777778 0.09027777777777778 
73 0.6805555555555556 0.2569444444444444 0.09027777777777778 0.09027777777777778 
67 0.7465277777777778 0.9166666666666666 0.09027777777777778 0.09027777777777778 
1 0.5520833333333334 0.7048611111111112 0.09027777777777778 0.09027777777777778 
