15 0.5972222222222222 0.1875 0.09027777777777778 0.09027777777777778 
88 0.2673611111111111 0.6979166666666666 0.09027777777777778 0.09027777777777778 
151 0.9131944444444444 0.4305555555555556 0.09027777777777778 0.09027777777777778 
114 0.2604166666666667 0.1111111111111111 0.09027777777777778 0.09027777777777778 
98 0.9201388888888888 0.2881944444444444 0.09027777777777778 0.09027777777777778 
140 0.9201388888888888 0.1597222222222222 0.09027777777777778 0.09027777777777778 
141 0.21180555555555555 0.5381944444444444 0.09027777777777778 0.09027777777777778 
40 0.7222222222222222 0.2048611111111111 0.09027777777777778 0.09027777777777778 
75 0.3715277777777778 0.7777777777777778 0.09027777777777778 0.09027777777777778 
47 0.1840277777777778 0.3784722222222222 0.09027777777777778 0.09027777777777778 
