105 0.08680555555555555 0.3055555555555556 0.09027777777777778 0.09027777777777778 
82 0.4861111111111111 0.4548611111111111 0.09027777777777778 0.09027777777777778 
102 0.9479166666666666 0.13541666666666666 0.09027777777777778 0.09027777777777778 
133 0.6458333333333334 0.875 0.09027777777777778 0.09027777777777778 
143 0.2986111111111111 0.5208333333333334 0.09027777777777778 0.09027777777777778 
54 0.7638888888888888 0.6770833333333334 0.09027777777777778 0.09027777777777778 
78 0.12152777777777778 0.6076388888888888 0.09027777777777778 0.09027777777777778 
140 0.625 0.6805555555555556 0.09027777777777778 0.09027777777777778 
138 0.34375 0.21180555555555555 0.09027777777777778 0.09027777777777778 
11 0.16666666666666666 0.84375 0.09027777777777778 0.09027777777777778 
