146 0.5555555555555556 0.4340277777777778 0.09027777777777778 0.09027777777777778 
9 0.06944444444444445 0.2013888888888889 0.09027777777777778 0.09027777777777778 
4 0.22569444444444445 0.40625 0.09027777777777778 0.09027777777777778 
122 0.5034722222222222 0.3159722222222222 0.09027777777777778 0.09027777777777778 
68 0.9270833333333334 0.9166666666666666 0.09027777777777778 0.09027777777777778 
148 0.4201388888888889 0.6493055555555556 0.09027777777777778 0.09027777777777778 
120 0.1284722222222222 0.8958333333333334 0.09027777777777778 0.09027777777777778 
116 0.7118055555555556 0.2326388888888889 0.09027777777777778 0.09027777777777778 
157 0.3194444444444444 0.90625 0.09027777777777778 0.09027777777777778 
92 0.4409722222222222 0.1597222222222222 0.09027777777777778 0.09027777777777778 
