68 0.1423611111111111 0.6284722222222222 0.09027777777777778 0.09027777777777778 
148 0.09027777777777778 0.22569444444444445 0.09027777777777778 0.09027777777777778 
105 0.4548611111111111 0.6666666666666666 0.09027777777777778 0.09027777777777778 
145 0.5243055555555556 0.6736111111111112 0.09027777777777778 0.09027777777777778 
78 0.4965277777777778 0.0625 0.09027777777777778 0.09027777777777778 
139 0.75 0.4131944444444444 0.09027777777777778 0.09027777777777778 
148 0.15625 0.7638888888888888 0.09027777777777778 0.09027777777777778 
35 0.9340277777777778 0.4270833333333333 0.09027777777777778 0.09027777777777778 
101 0.3993055555555556 0.3854166666666667 0.09027777777777778 0.09027777777777778 
65 0.7118055555555556 0.4166666666666667 0.09027777777777778 0.09027777777777778 
