99 0.8784722222222222 0.6840277777777778 0.09027777777777778 0.09027777777777778 
76 0.4583333333333333 0.7083333333333334 0.09027777777777778 0.09027777777777778 
120 0.1736111111111111 0.8819444444444444 0.09027777777777778 0.09027777777777778 
28 0.2013888888888889 0.7013888888888888 0.09027777777777778 0.09027777777777778 
39 0.3784722222222222 0.8402777777777778 0.09027777777777778 0.09027777777777778 
16 0.3020833333333333 0.14583333333333334 0.09027777777777778 0.09027777777777778 
125 0.08680555555555555 0.5729166666666666 0.09027777777777778 0.09027777777777778 
129 0.6388888888888888 0.3368055555555556 0.09027777777777778 0.09027777777777778 
105 0.0763888888888889 0.8819444444444444 0.09027777777777778 0.09027777777777778 
145 0.06944444444444445 0.5798611111111112 0.09027777777777778 0.09027777777777778 
