14 0.6875 0.24305555555555555 0.09027777777777778 0.09027777777777778 
72 0.9340277777777778 0.6493055555555556 0.09027777777777778 0.09027777777777778 
40 0.6423611111111112 0.7083333333333334 0.09027777777777778 0.09027777777777778 
103 0.2569444444444444 0.9270833333333334 0.09027777777777778 0.09027777777777778 
10 0.19791666666666666 0.4513888888888889 0.09027777777777778 0.09027777777777778 
153 0.5902777777777778 0.6875 0.09027777777777778 0.09027777777777778 
26 0.04513888888888889 0.4236111111111111 0.09027777777777778 0.09027777777777778 
149 0.7118055555555556 0.2638888888888889 0.09027777777777778 0.09027777777777778 
154 0.3611111111111111 0.2152777777777778 0.09027777777777778 0.09027777777777778 
100 0.3958333333333333 0.125 0.09027777777777778 0.09027777777777778 
