81 0.8402777777777778 0.8263888888888888 0.09027777777777778 0.09027777777777778 
138 0.16666666666666666 0.7083333333333334 0.09027777777777778 0.09027777777777778 
87 0.04861111111111111 0.6111111111111112 0.09027777777777778 0.09027777777777778 
19 0.5381944444444444 0.7361111111111112 0.09027777777777778 0.09027777777777778 
142 0.8055555555555556 0.6840277777777778 0.09027777777777778 0.09027777777777778 
30 0.4895833333333333 0.125 0.09027777777777778 0.09027777777777778 
125 0.06944444444444445 0.6284722222222222 0.09027777777777778 0.09027777777777778 
147 0.8055555555555556 0.2881944444444444 0.09027777777777778 0.09027777777777778 
152 0.1111111111111111 0.15625 0.09027777777777778 0.09027777777777778 
136 0.8854166666666666 0.84375 0.09027777777777778 0.09027777777777778 
