81 0.9375 0.2777777777777778 0.09027777777777778 0.09027777777777778 
156 0.8506944444444444 0.21180555555555555 0.09027777777777778 0.09027777777777778 
115 0.4131944444444444 0.2222222222222222 0.09027777777777778 0.09027777777777778 
76 0.5659722222222222 0.4166666666666667 0.09027777777777778 0.09027777777777778 
74 0.5520833333333334 0.8784722222222222 0.09027777777777778 0.09027777777777778 
102 0.0798611111111111 0.2013888888888889 0.09027777777777778 0.09027777777777778 
95 0.6736111111111112 0.04861111111111111 0.09027777777777778 0.09027777777777778 
52 0.78125 0.4201388888888889 0.09027777777777778 0.09027777777777778 
95 0.4305555555555556 0.7256944444444444 0.09027777777777778 0.09027777777777778 
121 0.4756944444444444 0.2013888888888889 0.09027777777777778 0.09027777777777778 
