68 0.6111111111111112 0.19444444444444445 0.09027777777777778 0.09027777777777778 
150 0.09722222222222222 0.5 0.09027777777777778 0.09027777777777778 
86 0.6111111111111112 0.7291666666666666 0.09027777777777778 0.09027777777777778 
43 0.53125 0.7708333333333334 0.09027777777777778 0.09027777777777778 
153 0.6701388888888888 0.3993055555555556 0.09027777777777778 0.09027777777777778 
8 0.4131944444444444 0.3541666666666667 0.09027777777777778 0.09027777777777778 
80 0.7222222222222222 0.6527777777777778 0.09027777777777778 0.09027777777777778 
113 0.7986111111111112 0.6909722222222222 0.09027777777777778 0.09027777777777778 
47 0.1111111111111111 0.9513888888888888 0.09027777777777778 0.09027777777777778 
22 0.4930555555555556 0.5173611111111112 0.09027777777777778 0.09027777777777778 
