111 0.4201388888888889 0.3125 0.09027777777777778 0.09027777777777778 
14 0.4131944444444444 0.04513888888888889 0.09027777777777778 0.09027777777777778 
9 0.8923611111111112 0.5138888888888888 0.09027777777777778 0.09027777777777778 
155 0.9097222222222222 0.6458333333333334 0.09027777777777778 0.09027777777777778 
104 0.8854166666666666 0.8958333333333334 0.09027777777777778 0.09027777777777778 
156 0.7638888888888888 0.90625 0.09027777777777778 0.09027777777777778 
125 0.5243055555555556 0.7534722222222222 0.09027777777777778 0.09027777777777778 
137 0.3298611111111111 0.22916666666666666 0.09027777777777778 0.09027777777777778 
121 0.4305555555555556 0.5555555555555556 0.09027777777777778 0.09027777777777778 
152 0.6701388888888888 0.2465277777777778 0.09027777777777778 0.09027777777777778 
