134 0.7395833333333334 0.5451388888888888 0.09027777777777778 0.09027777777777778 
141 0.6493055555555556 0.7916666666666666 0.09027777777777778 0.09027777777777778 
133 0.3263888888888889 0.21180555555555555 0.09027777777777778 0.09027777777777778 
19 0.7118055555555556 0.75 0.09027777777777778 0.09027777777777778 
9 0.3993055555555556 0.84375 0.09027777777777778 0.09027777777777778 
98 0.2465277777777778 0.78125 0.09027777777777778 0.09027777777777778 
71 0.8090277777777778 0.10416666666666667 0.09027777777777778 0.09027777777777778 
9 0.4965277777777778 0.1076388888888889 0.09027777777777778 0.09027777777777778 
0 0.5972222222222222 0.3090277777777778 0.09027777777777778 0.09027777777777778 
64 0.2673611111111111 0.04861111111111111 0.09027777777777778 0.09027777777777778 
