49 0.3541666666666667 0.6979166666666666 0.09027777777777778 0.09027777777777778 
59 0.22916666666666666 0.8645833333333334 0.09027777777777778 0.09027777777777778 
31 0.2986111111111111 0.5173611111111112 0.09027777777777778 0.09027777777777778 
43 0.5833333333333334 0.8125 0.09027777777777778 0.09027777777777778 
121 0.1388888888888889 0.4722222222222222 0.09027777777777778 0.09027777777777778 
58 0.4861111111111111 0.3229166666666667 0.09027777777777778 0.09027777777777778 
43 0.17708333333333334 0.8715277777777778 0.09027777777777778 0.09027777777777778 
120 0.12152777777777778 0.8715277777777778 0.09027777777777778 0.09027777777777778 
40 0.21180555555555555 0.04513888888888889 0.09027777777777778 0.09027777777777778 
142 0.2048611111111111 0.1597222222222222 0.09027777777777778 0.09027777777777778 
