59 0.1597222222222222 0.4131944444444444 0.09027777777777778 0.09027777777777778 
73 0.59375 0.7395833333333334 0.09027777777777778 0.09027777777777778 
22 0.125 0.75 0.09027777777777778 0.09027777777777778 
102 0.4722222222222222 0.4618055555555556 0.09027777777777778 0.09027777777777778 
23 0.8645833333333334 0.5798611111111112 0.09027777777777778 0.09027777777777778 
11 0.13194444444444445 0.2361111111111111 0.09027777777777778 0.09027777777777778 
5 0.2638888888888889 0.6284722222222222 0.09027777777777778 0.09027777777777778 
136 0.4826388888888889 0.5590277777777778 0.09027777777777778 0.09027777777777778 
44 0.14583333333333334 0.8715277777777778 0.09027777777777778 0.09027777777777778 
106 0.8055555555555556 0.4548611111111111 0.09027777777777778 0.09027777777777778 
