53 0.4861111111111111 0.2361111111111111 0.09027777777777778 0.09027777777777778 
142 0.28125 0.21180555555555555 0.09027777777777778 0.09027777777777778 
53 0.7916666666666666 0.6527777777777778 0.09027777777777778 0.09027777777777778 
48 0.6180555555555556 0.5659722222222222 0.09027777777777778 0.09027777777777778 
1 0.17708333333333334 0.1875 0.09027777777777778 0.09027777777777778 
95 0.8923611111111112 0.5902777777777778 0.09027777777777778 0.09027777777777778 
114 0.6458333333333334 0.6493055555555556 0.09027777777777778 0.09027777777777778 
18 0.5243055555555556 0.1701388888888889 0.09027777777777778 0.09027777777777778 
5 0.1284722222222222 0.5208333333333334 0.09027777777777778 0.09027777777777778 
127 0.1875 0.9444444444444444 0.09027777777777778 0.09027777777777778 
