61 0.59375 0.7118055555555556 0.09027777777777778 0.09027777777777778 
149 0.6076388888888888 0.53125 0.09027777777777778 0.09027777777777778 
110 0.8993055555555556 0.8298611111111112 0.09027777777777778 0.09027777777777778 
116 0.7395833333333334 0.90625 0.09027777777777778 0.09027777777777778 
80 0.4409722222222222 0.9340277777777778 0.09027777777777778 0.09027777777777778 
28 0.2048611111111111 0.6076388888888888 0.09027777777777778 0.09027777777777778 
103 0.5833333333333334 0.052083333333333336 0.09027777777777778 0.09027777777777778 
109 0.6145833333333334 0.6180555555555556 0.09027777777777778 0.09027777777777778 
120 0.7569444444444444 0.90625 0.09027777777777778 0.09027777777777778 
21 0.6701388888888888 0.5486111111111112 0.09027777777777778 0.09027777777777778 
