62 0.4166666666666667 0.6354166666666666 0.09027777777777778 0.09027777777777778 
102 0.5763888888888888 0.3923611111111111 0.09027777777777778 0.09027777777777778 
25 0.2951388888888889 0.3298611111111111 0.09027777777777778 0.09027777777777778 
23 0.6736111111111112 0.9027777777777778 0.09027777777777778 0.09027777777777778 
28 0.25 0.3159722222222222 0.09027777777777778 0.09027777777777778 
73 0.22916666666666666 0.8229166666666666 0.09027777777777778 0.09027777777777778 
54 0.8958333333333334 0.8020833333333334 0.09027777777777778 0.09027777777777778 
61 0.2951388888888889 0.71875 0.09027777777777778 0.09027777777777778 
39 0.04861111111111111 0.4513888888888889 0.09027777777777778 0.09027777777777778 
54 0.5555555555555556 0.2604166666666667 0.09027777777777778 0.09027777777777778 
