92 0.5972222222222222 0.9027777777777778 0.09027777777777778 0.09027777777777778 
2 0.1909722222222222 0.4965277777777778 0.09027777777777778 0.09027777777777778 
153 0.3645833333333333 0.20833333333333334 0.09027777777777778 0.09027777777777778 
119 0.24305555555555555 0.21180555555555555 0.09027777777777778 0.09027777777777778 
117 0.4131944444444444 0.7881944444444444 0.09027777777777778 0.09027777777777778 
50 0.75 0.3402777777777778 0.09027777777777778 0.09027777777777778 
45 0.4583333333333333 0.9201388888888888 0.09027777777777778 0.09027777777777778 
34 0.7673611111111112 0.5451388888888888 0.09027777777777778 0.09027777777777778 
28 0.5763888888888888 0.5833333333333334 0.09027777777777778 0.09027777777777778 
7 0.4513888888888889 0.4409722222222222 0.09027777777777778 0.09027777777777778 
