59 0.46875 0.3645833333333333 0.09027777777777778 0.09027777777777778 
70 0.6597222222222222 0.8229166666666666 0.09027777777777778 0.09027777777777778 
59 0.4166666666666667 0.71875 0.09027777777777778 0.09027777777777778 
34 0.5868055555555556 0.04513888888888889 0.09027777777777778 0.09027777777777778 
100 0.08333333333333333 0.3090277777777778 0.09027777777777778 0.09027777777777778 
118 0.3472222222222222 0.1388888888888889 0.09027777777777778 0.09027777777777778 
134 0.7430555555555556 0.06597222222222222 0.09027777777777778 0.09027777777777778 
44 0.3680555555555556 0.2152777777777778 0.09027777777777778 0.09027777777777778 
29 0.4826388888888889 0.3888888888888889 0.09027777777777778 0.09027777777777778 
27 0.16666666666666666 0.2951388888888889 0.09027777777777778 0.09027777777777778 
