11 0.6180555555555556 0.8819444444444444 0.09027777777777778 0.09027777777777778 
24 0.8541666666666666 0.2638888888888889 0.09027777777777778 0.09027777777777778 
54 0.5173611111111112 0.5729166666666666 0.09027777777777778 0.09027777777777778 
117 0.09027777777777778 0.4513888888888889 0.09027777777777778 0.09027777777777778 
95 0.7361111111111112 0.04513888888888889 0.09027777777777778 0.09027777777777778 
123 0.14583333333333334 0.3923611111111111 0.09027777777777778 0.09027777777777778 
92 0.6805555555555556 0.09722222222222222 0.09027777777777778 0.09027777777777778 
68 0.6805555555555556 0.6909722222222222 0.09027777777777778 0.09027777777777778 
135 0.5208333333333334 0.8611111111111112 0.09027777777777778 0.09027777777777778 
148 0.22916666666666666 0.6493055555555556 0.09027777777777778 0.09027777777777778 
