142 0.8368055555555556 0.4409722222222222 0.09027777777777778 0.09027777777777778 
63 0.3506944444444444 0.4479166666666667 0.09027777777777778 0.09027777777777778 
124 0.7777777777777778 0.1840277777777778 0.09027777777777778 0.09027777777777778 
149 0.8263888888888888 0.2847222222222222 0.09027777777777778 0.09027777777777778 
97 0.5486111111111112 0.9131944444444444 0.09027777777777778 0.09027777777777778 
87 0.90625 0.8506944444444444 0.09027777777777778 0.09027777777777778 
110 0.10416666666666667 0.65625 0.09027777777777778 0.09027777777777778 
140 0.9409722222222222 0.2847222222222222 0.09027777777777778 0.09027777777777778 
131 0.8229166666666666 0.1875 0.09027777777777778 0.09027777777777778 
108 0.4201388888888889 0.3090277777777778 0.09027777777777778 0.09027777777777778 
