0 0.1111111111111111 0.16666666666666666 0.09027777777777778 0.09027777777777778 
29 0.05555555555555555 0.07291666666666667 0.09027777777777778 0.09027777777777778 
99 0.7361111111111112 0.6145833333333334 0.09027777777777778 0.09027777777777778 
106 0.5590277777777778 0.8055555555555556 0.09027777777777778 0.09027777777777778 
148 0.3541666666666667 0.2673611111111111 0.09027777777777778 0.09027777777777778 
40 0.3159722222222222 0.8854166666666666 0.09027777777777778 0.09027777777777778 
142 0.8368055555555556 0.5729166666666666 0.09027777777777778 0.09027777777777778 
152 0.75 0.21180555555555555 0.09027777777777778 0.09027777777777778 
18 0.09722222222222222 0.1875 0.09027777777777778 0.09027777777777778 
55 0.1597222222222222 0.0625 0.09027777777777778 0.09027777777777778 
