109 0.8125 0.052083333333333336 0.09027777777777778 0.09027777777777778 
41 0.4409722222222222 0.07291666666666667 0.09027777777777778 0.09027777777777778 
9 0.09722222222222222 0.2673611111111111 0.09027777777777778 0.09027777777777778 
69 0.18055555555555555 0.2777777777777778 0.09027777777777778 0.09027777777777778 
55 0.10069444444444445 0.78125 0.09027777777777778 0.09027777777777778 
132 0.3854166666666667 0.3229166666666667 0.09027777777777778 0.09027777777777778 
39 0.9027777777777778 0.375 0.09027777777777778 0.09027777777777778 
103 0.12152777777777778 0.3020833333333333 0.09027777777777778 0.09027777777777778 
96 0.5416666666666666 0.7048611111111112 0.09027777777777778 0.09027777777777778 
31 0.7847222222222222 0.2152777777777778 0.09027777777777778 0.09027777777777778 
