21 0.09375 0.8506944444444444 0.09027777777777778 0.09027777777777778 
86 0.08680555555555555 0.2361111111111111 0.09027777777777778 0.09027777777777778 
51 0.04513888888888889 0.3402777777777778 0.09027777777777778 0.09027777777777778 
88 0.7673611111111112 0.5069444444444444 0.09027777777777778 0.09027777777777778 
23 0.2638888888888889 0.10069444444444445 0.09027777777777778 0.09027777777777778 
119 0.6493055555555556 0.19791666666666666 0.09027777777777778 0.09027777777777778 
31 0.7708333333333334 0.5659722222222222 0.09027777777777778 0.09027777777777778 
157 0.9409722222222222 0.5555555555555556 0.09027777777777778 0.09027777777777778 
145 0.0625 0.4270833333333333 0.09027777777777778 0.09027777777777778 
129 0.6631944444444444 0.24305555555555555 0.09027777777777778 0.09027777777777778 
