144 0.84375 0.6840277777777778 0.09027777777777778 0.09027777777777778 
99 0.6909722222222222 0.11458333333333333 0.09027777777777778 0.09027777777777778 
37 0.4270833333333333 0.7569444444444444 0.09027777777777778 0.09027777777777778 
75 0.04861111111111111 0.4722222222222222 0.09027777777777778 0.09027777777777778 
49 0.6736111111111112 0.7291666666666666 0.09027777777777778 0.09027777777777778 
27 0.2743055555555556 0.6180555555555556 0.09027777777777778 0.09027777777777778 
54 0.7673611111111112 0.052083333333333336 0.09027777777777778 0.09027777777777778 
11 0.1284722222222222 0.5381944444444444 0.09027777777777778 0.09027777777777778 
71 0.9548611111111112 0.7048611111111112 0.09027777777777778 0.09027777777777778 
134 0.5625 0.5520833333333334 0.09027777777777778 0.09027777777777778 
