72 0.5034722222222222 0.7569444444444444 0.09027777777777778 0.09027777777777778 
14 0.2534722222222222 0.8229166666666666 0.09027777777777778 0.09027777777777778 
15 0.3645833333333333 0.2326388888888889 0.09027777777777778 0.09027777777777778 
118 0.4409722222222222 0.8333333333333334 0.09027777777777778 0.09027777777777778 
18 0.5555555555555556 0.0763888888888889 0.09027777777777778 0.09027777777777778 
6 0.5694444444444444 0.9201388888888888 0.09027777777777778 0.09027777777777778 
150 0.1736111111111111 0.34375 0.09027777777777778 0.09027777777777778 
59 0.3958333333333333 0.07291666666666667 0.09027777777777778 0.09027777777777778 
37 0.3923611111111111 0.4826388888888889 0.09027777777777778 0.09027777777777778 
97 0.0625 0.3472222222222222 0.09027777777777778 0.09027777777777778 
