11 0.7465277777777778 0.5451388888888888 0.09027777777777778 0.09027777777777778 
99 0.5868055555555556 0.8576388888888888 0.09027777777777778 0.09027777777777778 
149 0.5104166666666666 0.3263888888888889 0.09027777777777778 0.09027777777777778 
131 0.5833333333333334 0.6180555555555556 0.09027777777777778 0.09027777777777778 
30 0.4791666666666667 0.78125 0.09027777777777778 0.09027777777777778 
9 0.9444444444444444 0.4305555555555556 0.09027777777777778 0.09027777777777778 
42 0.8715277777777778 0.3611111111111111 0.09027777777777778 0.09027777777777778 
122 0.5659722222222222 0.6111111111111112 0.09027777777777778 0.09027777777777778 
57 0.8090277777777778 0.6631944444444444 0.09027777777777778 0.09027777777777778 
125 0.7013888888888888 0.2152777777777778 0.09027777777777778 0.09027777777777778 
