115 0.2986111111111111 0.5138888888888888 0.09027777777777778 0.09027777777777778 
93 0.18055555555555555 0.6840277777777778 0.09027777777777778 0.09027777777777778 
35 0.6631944444444444 0.4618055555555556 0.09027777777777778 0.09027777777777778 
0 0.2847222222222222 0.25 0.09027777777777778 0.09027777777777778 
137 0.8715277777777778 0.9305555555555556 0.09027777777777778 0.09027777777777778 
47 0.4444444444444444 0.14930555555555555 0.09027777777777778 0.09027777777777778 
46 0.2013888888888889 0.625 0.09027777777777778 0.09027777777777778 
113 0.11805555555555555 0.3333333333333333 0.09027777777777778 0.09027777777777778 
100 0.5104166666666666 0.6944444444444444 0.09027777777777778 0.09027777777777778 
128 0.6006944444444444 0.8888888888888888 0.09027777777777778 0.09027777777777778 
