65 0.9409722222222222 0.8020833333333334 0.09027777777777778 0.09027777777777778 
21 0.2916666666666667 0.22569444444444445 0.09027777777777778 0.09027777777777778 
151 0.8159722222222222 0.7951388888888888 0.09027777777777778 0.09027777777777778 
123 0.3159722222222222 0.8680555555555556 0.09027777777777778 0.09027777777777778 
64 0.8854166666666666 0.7916666666666666 0.09027777777777778 0.09027777777777778 
109 0.5069444444444444 0.4479166666666667 0.09027777777777778 0.09027777777777778 
125 0.7986111111111112 0.5833333333333334 0.09027777777777778 0.09027777777777778 
37 0.2847222222222222 0.7569444444444444 0.09027777777777778 0.09027777777777778 
30 0.3784722222222222 0.8472222222222222 0.09027777777777778 0.09027777777777778 
72 0.24305555555555555 0.75 0.09027777777777778 0.09027777777777778 
