55 0.7083333333333334 0.3194444444444444 0.09027777777777778 0.09027777777777778 
65 0.9305555555555556 0.6805555555555556 0.09027777777777778 0.09027777777777778 
113 0.9201388888888888 0.11458333333333333 0.09027777777777778 0.09027777777777778 
5 0.8263888888888888 0.7222222222222222 0.09027777777777778 0.09027777777777778 
127 0.9097222222222222 0.8333333333333334 0.09027777777777778 0.09027777777777778 
102 0.4305555555555556 0.875 0.09027777777777778 0.09027777777777778 
155 0.1840277777777778 0.71875 0.09027777777777778 0.09027777777777778 
108 0.8506944444444444 0.5520833333333334 0.09027777777777778 0.09027777777777778 
96 0.7569444444444444 0.6701388888888888 0.09027777777777778 0.09027777777777778 
136 0.625 0.4097222222222222 0.09027777777777778 0.09027777777777778 
