54 0.5138888888888888 0.09722222222222222 0.09027777777777778 0.09027777777777778 
101 0.6215277777777778 0.09027777777777778 0.09027777777777778 0.09027777777777778 
16 0.3159722222222222 0.8263888888888888 0.09027777777777778 0.09027777777777778 
122 0.7743055555555556 0.59375 0.09027777777777778 0.09027777777777778 
42 0.11805555555555555 0.4583333333333333 0.09027777777777778 0.09027777777777778 
130 0.4131944444444444 0.6770833333333334 0.09027777777777778 0.09027777777777778 
116 0.6180555555555556 0.06597222222222222 0.09027777777777778 0.09027777777777778 
32 0.2222222222222222 0.22569444444444445 0.09027777777777778 0.09027777777777778 
67 0.1388888888888889 0.7083333333333334 0.09027777777777778 0.09027777777777778 
7 0.71875 0.6076388888888888 0.09027777777777778 0.09027777777777778 
