25 0.08680555555555555 0.4479166666666667 0.09027777777777778 0.09027777777777778 
30 0.2881944444444444 0.9479166666666666 0.09027777777777778 0.09027777777777778 
0 0.7465277777777778 0.6423611111111112 0.09027777777777778 0.09027777777777778 
68 0.5902777777777778 0.6006944444444444 0.09027777777777778 0.09027777777777778 
72 0.8055555555555556 0.7048611111111112 0.09027777777777778 0.09027777777777778 
151 0.4097222222222222 0.6527777777777778 0.09027777777777778 0.09027777777777778 
61 0.9444444444444444 0.8263888888888888 0.09027777777777778 0.09027777777777778 
111 0.21875 0.21180555555555555 0.09027777777777778 0.09027777777777778 
58 0.9166666666666666 0.6493055555555556 0.09027777777777778 0.09027777777777778 
95 0.8194444444444444 0.2534722222222222 0.09027777777777778 0.09027777777777778 
