154 0.3541666666666667 0.5347222222222222 0.09027777777777778 0.09027777777777778 
101 0.05555555555555555 0.8263888888888888 0.09027777777777778 0.09027777777777778 
128 0.7222222222222222 0.84375 0.09027777777777778 0.09027777777777778 
33 0.2222222222222222 0.7326388888888888 0.09027777777777778 0.09027777777777778 
41 0.65625 0.5 0.09027777777777778 0.09027777777777778 
103 0.5034722222222222 0.059027777777777776 0.09027777777777778 0.09027777777777778 
31 0.19791666666666666 0.24305555555555555 0.09027777777777778 0.09027777777777778 
39 0.06597222222222222 0.1597222222222222 0.09027777777777778 0.09027777777777778 
28 0.3159722222222222 0.2847222222222222 0.09027777777777778 0.09027777777777778 
137 0.3888888888888889 0.1736111111111111 0.09027777777777778 0.09027777777777778 
