31 0.7916666666666666 0.23958333333333334 0.09027777777777778 0.09027777777777778 
41 0.6319444444444444 0.1284722222222222 0.09027777777777778 0.09027777777777778 
62 0.3645833333333333 0.7465277777777778 0.09027777777777778 0.09027777777777778 
26 0.3819444444444444 0.2361111111111111 0.09027777777777778 0.09027777777777778 
8 0.875 0.3680555555555556 0.09027777777777778 0.09027777777777778 
86 0.3576388888888889 0.4166666666666667 0.09027777777777778 0.09027777777777778 
24 0.1527777777777778 0.3854166666666667 0.09027777777777778 0.09027777777777778 
11 0.21180555555555555 0.6319444444444444 0.09027777777777778 0.09027777777777778 
133 0.8819444444444444 0.3298611111111111 0.09027777777777778 0.09027777777777778 
30 0.6979166666666666 0.8819444444444444 0.09027777777777778 0.09027777777777778 
