42 0.4930555555555556 0.3888888888888889 0.09027777777777778 0.09027777777777778 
116 0.4548611111111111 0.7881944444444444 0.09027777777777778 0.09027777777777778 
120 0.65625 0.5555555555555556 0.09027777777777778 0.09027777777777778 
79 0.4236111111111111 0.8611111111111112 0.09027777777777778 0.09027777777777778 
7 0.11805555555555555 0.4201388888888889 0.09027777777777778 0.09027777777777778 
146 0.1111111111111111 0.8506944444444444 0.09027777777777778 0.09027777777777778 
112 0.4895833333333333 0.3993055555555556 0.09027777777777778 0.09027777777777778 
116 0.4375 0.8090277777777778 0.09027777777777778 0.09027777777777778 
32 0.875 0.7534722222222222 0.09027777777777778 0.09027777777777778 
140 0.1388888888888889 0.3506944444444444 0.09027777777777778 0.09027777777777778 
