11 0.6840277777777778 0.6111111111111112 0.09027777777777778 0.09027777777777778 
26 0.3263888888888889 0.2361111111111111 0.09027777777777778 0.09027777777777778 
3 0.7326388888888888 0.2847222222222222 0.09027777777777778 0.09027777777777778 
90 0.5972222222222222 0.4201388888888889 0.09027777777777778 0.09027777777777778 
33 0.2222222222222222 0.5416666666666666 0.09027777777777778 0.09027777777777778 
50 0.7291666666666666 0.375 0.09027777777777778 0.09027777777777778 
28 0.7604166666666666 0.052083333333333336 0.09027777777777778 0.09027777777777778 
153 0.3958333333333333 0.8784722222222222 0.09027777777777778 0.09027777777777778 
127 0.6666666666666666 0.4201388888888889 0.09027777777777778 0.09027777777777778 
153 0.90625 0.7777777777777778 0.09027777777777778 0.09027777777777778 
