120 0.34375 0.9479166666666666 0.09027777777777778 0.09027777777777778 
22 0.2013888888888889 0.375 0.09027777777777778 0.09027777777777778 
154 0.8784722222222222 0.9097222222222222 0.09027777777777778 0.09027777777777778 
119 0.7951388888888888 0.3576388888888889 0.09027777777777778 0.09027777777777778 
129 0.9548611111111112 0.6041666666666666 0.09027777777777778 0.09027777777777778 
52 0.6597222222222222 0.8125 0.09027777777777778 0.09027777777777778 
100 0.3333333333333333 0.8506944444444444 0.09027777777777778 0.09027777777777778 
54 0.7847222222222222 0.22569444444444445 0.09027777777777778 0.09027777777777778 
121 0.4131944444444444 0.6770833333333334 0.09027777777777778 0.09027777777777778 
75 0.8402777777777778 0.09027777777777778 0.09027777777777778 0.09027777777777778 
