90 0.3229166666666667 0.5138888888888888 0.09027777777777778 0.09027777777777778 
92 0.7083333333333334 0.2152777777777778 0.09027777777777778 0.09027777777777778 
12 0.5833333333333334 0.9513888888888888 0.09027777777777778 0.09027777777777778 
76 0.2951388888888889 0.9548611111111112 0.09027777777777778 0.09027777777777778 
21 0.46875 0.0798611111111111 0.09027777777777778 0.09027777777777778 
15 0.6423611111111112 0.04861111111111111 0.09027777777777778 0.09027777777777778 
126 0.4027777777777778 0.6840277777777778 0.09027777777777778 0.09027777777777778 
143 0.16666666666666666 0.06597222222222222 0.09027777777777778 0.09027777777777778 
52 0.6388888888888888 0.2638888888888889 0.09027777777777778 0.09027777777777778 
4 0.6909722222222222 0.3576388888888889 0.09027777777777778 0.09027777777777778 
