89 0.08333333333333333 0.4201388888888889 0.09027777777777778 0.09027777777777778 
103 0.5972222222222222 0.3506944444444444 0.09027777777777778 0.09027777777777778 
34 0.6006944444444444 0.16666666666666666 0.09027777777777778 0.09027777777777778 
88 0.7083333333333334 0.4097222222222222 0.09027777777777778 0.09027777777777778 
84 0.8680555555555556 0.9270833333333334 0.09027777777777778 0.09027777777777778 
94 0.6805555555555556 0.7222222222222222 0.09027777777777778 0.09027777777777778 
132 0.3263888888888889 0.3125 0.09027777777777778 0.09027777777777778 
127 0.8020833333333334 0.8090277777777778 0.09027777777777778 0.09027777777777778 
0 0.9201388888888888 0.0763888888888889 0.09027777777777778 0.09027777777777778 
89 0.06597222222222222 0.5381944444444444 0.09027777777777778 0.09027777777777778 
