3 0.8472222222222222 0.6180555555555556 0.09027777777777778 0.09027777777777778 
121 0.8090277777777778 0.5451388888888888 0.09027777777777778 0.09027777777777778 
39 0.8333333333333334 0.8055555555555556 0.09027777777777778 0.09027777777777778 
31 0.16319444444444445 0.5173611111111112 0.09027777777777778 0.09027777777777778 
148 0.0763888888888889 0.7222222222222222 0.09027777777777778 0.09027777777777778 
49 0.2986111111111111 0.6111111111111112 0.09027777777777778 0.09027777777777778 
124 0.16319444444444445 0.4340277777777778 0.09027777777777778 0.09027777777777778 
111 0.7395833333333334 0.2361111111111111 0.09027777777777778 0.09027777777777778 
113 0.5 0.5659722222222222 0.09027777777777778 0.09027777777777778 
7 0.17708333333333334 0.8506944444444444 0.09027777777777778 0.09027777777777778 
