147 0.9305555555555556 0.90625 0.09027777777777778 0.09027777777777778 
25 0.5138888888888888 0.4548611111111111 0.09027777777777778 0.09027777777777778 
7 0.0625 0.06944444444444445 0.09027777777777778 0.09027777777777778 
144 0.8958333333333334 0.9201388888888888 0.09027777777777778 0.09027777777777778 
15 0.7673611111111112 0.11805555555555555 0.09027777777777778 0.09027777777777778 
46 0.9201388888888888 0.59375 0.09027777777777778 0.09027777777777778 
57 0.9166666666666666 0.9166666666666666 0.09027777777777778 0.09027777777777778 
52 0.8298611111111112 0.8090277777777778 0.09027777777777778 0.09027777777777778 
68 0.8715277777777778 0.0798611111111111 0.09027777777777778 0.09027777777777778 
69 0.7291666666666666 0.6805555555555556 0.09027777777777778 0.09027777777777778 
