40 0.11805555555555555 0.6736111111111112 0.09027777777777778 0.09027777777777778 
85 0.6076388888888888 0.18055555555555555 0.09027777777777778 0.09027777777777778 
75 0.2743055555555556 0.3194444444444444 0.09027777777777778 0.09027777777777778 
79 0.4548611111111111 0.9166666666666666 0.09027777777777778 0.09027777777777778 
117 0.3472222222222222 0.6319444444444444 0.09027777777777778 0.09027777777777778 
110 0.6527777777777778 0.4826388888888889 0.09027777777777778 0.09027777777777778 
155 0.3576388888888889 0.4270833333333333 0.09027777777777778 0.09027777777777778 
4 0.5138888888888888 0.6354166666666666 0.09027777777777778 0.09027777777777778 
137 0.04513888888888889 0.40625 0.09027777777777778 0.09027777777777778 
109 0.3194444444444444 0.5277777777777778 0.09027777777777778 0.09027777777777778 
