133 0.3194444444444444 0.23958333333333334 0.09027777777777778 0.09027777777777778 
40 0.5208333333333334 0.22569444444444445 0.09027777777777778 0.09027777777777778 
126 0.7569444444444444 0.7326388888888888 0.09027777777777778 0.09027777777777778 
26 0.2013888888888889 0.4479166666666667 0.09027777777777778 0.09027777777777778 
90 0.1840277777777778 0.3715277777777778 0.09027777777777778 0.09027777777777778 
155 0.16666666666666666 0.6840277777777778 0.09027777777777778 0.09027777777777778 
65 0.3611111111111111 0.052083333333333336 0.09027777777777778 0.09027777777777778 
124 0.6944444444444444 0.7291666666666666 0.09027777777777778 0.09027777777777778 
122 0.1423611111111111 0.5659722222222222 0.09027777777777778 0.09027777777777778 
103 0.7465277777777778 0.8368055555555556 0.09027777777777778 0.09027777777777778 
