71 0.4930555555555556 0.04861111111111111 0.09027777777777778 0.09027777777777778 
24 0.2152777777777778 0.4930555555555556 0.09027777777777778 0.09027777777777778 
29 0.24305555555555555 0.17708333333333334 0.09027777777777778 0.09027777777777778 
21 0.6736111111111112 0.4548611111111111 0.09027777777777778 0.09027777777777778 
53 0.08333333333333333 0.4861111111111111 0.09027777777777778 0.09027777777777778 
9 0.5104166666666666 0.6631944444444444 0.09027777777777778 0.09027777777777778 
85 0.7430555555555556 0.1909722222222222 0.09027777777777778 0.09027777777777778 
14 0.1909722222222222 0.4791666666666667 0.09027777777777778 0.09027777777777778 
67 0.8784722222222222 0.2569444444444444 0.09027777777777778 0.09027777777777778 
90 0.2673611111111111 0.2465277777777778 0.09027777777777778 0.09027777777777778 
