144 0.3923611111111111 0.1284722222222222 0.09027777777777778 0.09027777777777778 
9 0.7673611111111112 0.19444444444444445 0.09027777777777778 0.09027777777777778 
36 0.46875 0.5138888888888888 0.09027777777777778 0.09027777777777778 
86 0.7152777777777778 0.6875 0.09027777777777778 0.09027777777777778 
37 0.09375 0.7256944444444444 0.09027777777777778 0.09027777777777778 
102 0.7847222222222222 0.4826388888888889 0.09027777777777778 0.09027777777777778 
4 0.9340277777777778 0.6180555555555556 0.09027777777777778 0.09027777777777778 
15 0.6736111111111112 0.8472222222222222 0.09027777777777778 0.09027777777777778 
59 0.3020833333333333 0.125 0.09027777777777778 0.09027777777777778 
14 0.7361111111111112 0.3090277777777778 0.09027777777777778 0.09027777777777778 
