67 0.4548611111111111 0.12152777777777778 0.09027777777777778 0.09027777777777778 
134 0.059027777777777776 0.6631944444444444 0.09027777777777778 0.09027777777777778 
26 0.2222222222222222 0.6805555555555556 0.09027777777777778 0.09027777777777778 
41 0.1111111111111111 0.06944444444444445 0.09027777777777778 0.09027777777777778 
140 0.6458333333333334 0.3298611111111111 0.09027777777777778 0.09027777777777778 
8 0.6215277777777778 0.21180555555555555 0.09027777777777778 0.09027777777777778 
153 0.5347222222222222 0.7256944444444444 0.09027777777777778 0.09027777777777778 
79 0.4444444444444444 0.7048611111111112 0.09027777777777778 0.09027777777777778 
9 0.4722222222222222 0.3020833333333333 0.09027777777777778 0.09027777777777778 
116 0.11805555555555555 0.8541666666666666 0.09027777777777778 0.09027777777777778 
