2 0.375 0.12152777777777778 0.09027777777777778 0.09027777777777778 
146 0.2604166666666667 0.8819444444444444 0.09027777777777778 0.09027777777777778 
137 0.6979166666666666 0.3819444444444444 0.09027777777777778 0.09027777777777778 
116 0.9027777777777778 0.21875 0.09027777777777778 0.09027777777777778 
59 0.59375 0.06944444444444445 0.09027777777777778 0.09027777777777778 
30 0.5555555555555556 0.875 0.09027777777777778 0.09027777777777778 
136 0.6770833333333334 0.04513888888888889 0.09027777777777778 0.09027777777777778 
5 0.7777777777777778 0.3159722222222222 0.09027777777777778 0.09027777777777778 
21 0.6597222222222222 0.7152777777777778 0.09027777777777778 0.09027777777777778 
150 0.5173611111111112 0.6284722222222222 0.09027777777777778 0.09027777777777778 
