18 0.5729166666666666 0.08333333333333333 0.09027777777777778 0.09027777777777778 
11 0.3645833333333333 0.1875 0.09027777777777778 0.09027777777777778 
61 0.75 0.2534722222222222 0.09027777777777778 0.09027777777777778 
76 0.8333333333333334 0.5451388888888888 0.09027777777777778 0.09027777777777778 
4 0.6319444444444444 0.5486111111111112 0.09027777777777778 0.09027777777777778 
0 0.6909722222222222 0.6458333333333334 0.09027777777777778 0.09027777777777778 
154 0.13194444444444445 0.3888888888888889 0.09027777777777778 0.09027777777777778 
21 0.3541666666666667 0.2569444444444444 0.09027777777777778 0.09027777777777778 
11 0.125 0.1909722222222222 0.09027777777777778 0.09027777777777778 
131 0.05555555555555555 0.1909722222222222 0.09027777777777778 0.09027777777777778 
