147 0.1701388888888889 0.3680555555555556 0.09027777777777778 0.09027777777777778 
94 0.9166666666666666 0.3645833333333333 0.09027777777777778 0.09027777777777778 
109 0.12152777777777778 0.7326388888888888 0.09027777777777778 0.09027777777777778 
140 0.1875 0.5590277777777778 0.09027777777777778 0.09027777777777778 
154 0.4479166666666667 0.6597222222222222 0.09027777777777778 0.09027777777777778 
79 0.5590277777777778 0.0763888888888889 0.09027777777777778 0.09027777777777778 
69 0.5138888888888888 0.07291666666666667 0.09027777777777778 0.09027777777777778 
70 0.2222222222222222 0.6493055555555556 0.09027777777777778 0.09027777777777778 
27 0.5798611111111112 0.7916666666666666 0.09027777777777778 0.09027777777777778 
35 0.7986111111111112 0.6770833333333334 0.09027777777777778 0.09027777777777778 
