84 0.5 0.875 0.09027777777777778 0.09027777777777778 
9 0.3055555555555556 0.5277777777777778 0.09027777777777778 0.09027777777777778 
114 0.3888888888888889 0.90625 0.09027777777777778 0.09027777777777778 
74 0.7013888888888888 0.3298611111111111 0.09027777777777778 0.09027777777777778 
146 0.3298611111111111 0.21875 0.09027777777777778 0.09027777777777778 
73 0.2847222222222222 0.5138888888888888 0.09027777777777778 0.09027777777777778 
106 0.7673611111111112 0.3611111111111111 0.09027777777777778 0.09027777777777778 
112 0.7430555555555556 0.2326388888888889 0.09027777777777778 0.09027777777777778 
73 0.6979166666666666 0.4305555555555556 0.09027777777777778 0.09027777777777778 
47 0.8784722222222222 0.8715277777777778 0.09027777777777778 0.09027777777777778 
