80 0.6111111111111112 0.9548611111111112 0.09027777777777778 0.09027777777777778 
89 0.6909722222222222 0.6006944444444444 0.09027777777777778 0.09027777777777778 
15 0.28125 0.6597222222222222 0.09027777777777778 0.09027777777777778 
152 0.3715277777777778 0.2743055555555556 0.09027777777777778 0.09027777777777778 
75 0.125 0.2013888888888889 0.09027777777777778 0.09027777777777778 
137 0.6736111111111112 0.6388888888888888 0.09027777777777778 0.09027777777777778 
82 0.6388888888888888 0.5833333333333334 0.09027777777777778 0.09027777777777778 
120 0.5555555555555556 0.1840277777777778 0.09027777777777778 0.09027777777777778 
76 0.24305555555555555 0.6666666666666666 0.09027777777777778 0.09027777777777778 
55 0.052083333333333336 0.25 0.09027777777777778 0.09027777777777778 
