67 0.3055555555555556 0.2916666666666667 0.09027777777777778 0.09027777777777778 
54 0.8402777777777778 0.4166666666666667 0.09027777777777778 0.09027777777777778 
111 0.53125 0.1875 0.09027777777777778 0.09027777777777778 
144 0.16319444444444445 0.16319444444444445 0.09027777777777778 0.09027777777777778 
54 0.9027777777777778 0.3576388888888889 0.09027777777777778 0.09027777777777778 
4 0.3923611111111111 0.9340277777777778 0.09027777777777778 0.09027777777777778 
110 0.7673611111111112 0.8194444444444444 0.09027777777777778 0.09027777777777778 
2 0.6076388888888888 0.3576388888888889 0.09027777777777778 0.09027777777777778 
40 0.3680555555555556 0.8090277777777778 0.09027777777777778 0.09027777777777778 
39 0.8368055555555556 0.3368055555555556 0.09027777777777778 0.09027777777777778 
