65 0.90625 0.6979166666666666 0.09027777777777778 0.09027777777777778 
91 0.2708333333333333 0.7777777777777778 0.09027777777777778 0.09027777777777778 
57 0.6805555555555556 0.90625 0.09027777777777778 0.09027777777777778 
69 0.16319444444444445 0.06944444444444445 0.09027777777777778 0.09027777777777778 
59 0.6041666666666666 0.8645833333333334 0.09027777777777778 0.09027777777777778 
78 0.09375 0.18055555555555555 0.09027777777777778 0.09027777777777778 
105 0.2708333333333333 0.4097222222222222 0.09027777777777778 0.09027777777777778 
14 0.875 0.7465277777777778 0.09027777777777778 0.09027777777777778 
15 0.7604166666666666 0.21180555555555555 0.09027777777777778 0.09027777777777778 
118 0.2916666666666667 0.5208333333333334 0.09027777777777778 0.09027777777777778 
