157 0.84375 0.7743055555555556 0.09027777777777778 0.09027777777777778 
14 0.5868055555555556 0.2361111111111111 0.09027777777777778 0.09027777777777778 
155 0.6701388888888888 0.6944444444444444 0.09027777777777778 0.09027777777777778 
95 0.6215277777777778 0.6458333333333334 0.09027777777777778 0.09027777777777778 
56 0.4618055555555556 0.5416666666666666 0.09027777777777778 0.09027777777777778 
66 0.6006944444444444 0.6076388888888888 0.09027777777777778 0.09027777777777778 
113 0.78125 0.6666666666666666 0.09027777777777778 0.09027777777777778 
44 0.19444444444444445 0.8402777777777778 0.09027777777777778 0.09027777777777778 
10 0.4861111111111111 0.5972222222222222 0.09027777777777778 0.09027777777777778 
63 0.9270833333333334 0.8298611111111112 0.09027777777777778 0.09027777777777778 
