49 0.2465277777777778 0.46875 0.09027777777777778 0.09027777777777778 
38 0.4895833333333333 0.6215277777777778 0.09027777777777778 0.09027777777777778 
2 0.052083333333333336 0.6423611111111112 0.09027777777777778 0.09027777777777778 
75 0.3541666666666667 0.3958333333333333 0.09027777777777778 0.09027777777777778 
38 0.04861111111111111 0.09375 0.09027777777777778 0.09027777777777778 
3 0.1076388888888889 0.6215277777777778 0.09027777777777778 0.09027777777777778 
13 0.3125 0.3680555555555556 0.09027777777777778 0.09027777777777778 
126 0.8854166666666666 0.8298611111111112 0.09027777777777778 0.09027777777777778 
68 0.5277777777777778 0.1284722222222222 0.09027777777777778 0.09027777777777778 
3 0.2673611111111111 0.6319444444444444 0.09027777777777778 0.09027777777777778 
