118 0.7604166666666666 0.7638888888888888 0.09027777777777778 0.09027777777777778 
110 0.0763888888888889 0.9305555555555556 0.09027777777777778 0.09027777777777778 
34 0.6979166666666666 0.3541666666666667 0.09027777777777778 0.09027777777777778 
123 0.625 0.7569444444444444 0.09027777777777778 0.09027777777777778 
3 0.3194444444444444 0.9097222222222222 0.09027777777777778 0.09027777777777778 
89 0.06944444444444445 0.2777777777777778 0.09027777777777778 0.09027777777777778 
66 0.4479166666666667 0.3472222222222222 0.09027777777777778 0.09027777777777778 
94 0.6979166666666666 0.04861111111111111 0.09027777777777778 0.09027777777777778 
95 0.3784722222222222 0.125 0.09027777777777778 0.09027777777777778 
9 0.1909722222222222 0.6736111111111112 0.09027777777777778 0.09027777777777778 
