72 0.09722222222222222 0.8854166666666666 0.09027777777777778 0.09027777777777778 
115 0.2986111111111111 0.6805555555555556 0.09027777777777778 0.09027777777777778 
153 0.052083333333333336 0.375 0.09027777777777778 0.09027777777777778 
54 0.04513888888888889 0.4513888888888889 0.09027777777777778 0.09027777777777778 
67 0.10069444444444445 0.2048611111111111 0.09027777777777778 0.09027777777777778 
64 0.5972222222222222 0.78125 0.09027777777777778 0.09027777777777778 
5 0.24305555555555555 0.5138888888888888 0.09027777777777778 0.09027777777777778 
144 0.4583333333333333 0.6597222222222222 0.09027777777777778 0.09027777777777778 
34 0.7152777777777778 0.4826388888888889 0.09027777777777778 0.09027777777777778 
111 0.4756944444444444 0.7083333333333334 0.09027777777777778 0.09027777777777778 
