135 0.8333333333333334 0.28125 0.09027777777777778 0.09027777777777778 
141 0.6458333333333334 0.4097222222222222 0.09027777777777778 0.09027777777777778 
100 0.4965277777777778 0.5277777777777778 0.09027777777777778 0.09027777777777778 
97 0.9097222222222222 0.1701388888888889 0.09027777777777778 0.09027777777777778 
28 0.8993055555555556 0.7013888888888888 0.09027777777777778 0.09027777777777778 
113 0.8888888888888888 0.2465277777777778 0.09027777777777778 0.09027777777777778 
42 0.4652777777777778 0.3923611111111111 0.09027777777777778 0.09027777777777778 
49 0.5868055555555556 0.4583333333333333 0.09027777777777778 0.09027777777777778 
50 0.9444444444444444 0.8645833333333334 0.09027777777777778 0.09027777777777778 
140 0.6041666666666666 0.5868055555555556 0.09027777777777778 0.09027777777777778 
