27 0.3854166666666667 0.4618055555555556 0.09027777777777778 0.09027777777777778 
104 0.625 0.5972222222222222 0.09027777777777778 0.09027777777777778 
103 0.4548611111111111 0.5798611111111112 0.09027777777777778 0.09027777777777778 
74 0.09027777777777778 0.7430555555555556 0.09027777777777778 0.09027777777777778 
128 0.4791666666666667 0.625 0.09027777777777778 0.09027777777777778 
1 0.16666666666666666 0.7048611111111112 0.09027777777777778 0.09027777777777778 
5 0.9444444444444444 0.7708333333333334 0.09027777777777778 0.09027777777777778 
42 0.5138888888888888 0.375 0.09027777777777778 0.09027777777777778 
148 0.18055555555555555 0.3506944444444444 0.09027777777777778 0.09027777777777778 
42 0.5034722222222222 0.65625 0.09027777777777778 0.09027777777777778 
