70 0.7083333333333334 0.04861111111111111 0.09027777777777778 0.09027777777777778 
102 0.9270833333333334 0.1597222222222222 0.09027777777777778 0.09027777777777778 
13 0.04861111111111111 0.04861111111111111 0.09027777777777778 0.09027777777777778 
23 0.09027777777777778 0.5034722222222222 0.09027777777777778 0.09027777777777778 
8 0.8159722222222222 0.6041666666666666 0.09027777777777778 0.09027777777777778 
44 0.21180555555555555 0.1423611111111111 0.09027777777777778 0.09027777777777778 
60 0.4861111111111111 0.8888888888888888 0.09027777777777778 0.09027777777777778 
58 0.8819444444444444 0.5381944444444444 0.09027777777777778 0.09027777777777778 
117 0.5 0.5659722222222222 0.09027777777777778 0.09027777777777778 
37 0.4375 0.59375 0.09027777777777778 0.09027777777777778 
