113 0.2465277777777778 0.8645833333333334 0.09027777777777778 0.09027777777777778 
25 0.22916666666666666 0.5798611111111112 0.09027777777777778 0.09027777777777778 
124 0.21180555555555555 0.9548611111111112 0.09027777777777778 0.09027777777777778 
60 0.8402777777777778 0.7048611111111112 0.09027777777777778 0.09027777777777778 
22 0.19444444444444445 0.3576388888888889 0.09027777777777778 0.09027777777777778 
37 0.6770833333333334 0.4166666666666667 0.09027777777777778 0.09027777777777778 
132 0.4548611111111111 0.375 0.09027777777777778 0.09027777777777778 
150 0.05555555555555555 0.3576388888888889 0.09027777777777778 0.09027777777777778 
78 0.14930555555555555 0.1701388888888889 0.09027777777777778 0.09027777777777778 
156 0.625 0.1388888888888889 0.09027777777777778 0.09027777777777778 
