32 0.6111111111111112 0.65625 0.09027777777777778 0.09027777777777778 
59 0.16319444444444445 0.5208333333333334 0.09027777777777778 0.09027777777777778 
10 0.1701388888888889 0.5763888888888888 0.09027777777777778 0.09027777777777778 
28 0.7743055555555556 0.2465277777777778 0.09027777777777778 0.09027777777777778 
88 0.3541666666666667 0.6388888888888888 0.09027777777777778 0.09027777777777778 
30 0.5208333333333334 0.3888888888888889 0.09027777777777778 0.09027777777777778 
68 0.3854166666666667 0.5972222222222222 0.09027777777777778 0.09027777777777778 
102 0.3298611111111111 0.4444444444444444 0.09027777777777778 0.09027777777777778 
146 0.14583333333333334 0.2361111111111111 0.09027777777777778 0.09027777777777778 
38 0.1284722222222222 0.8715277777777778 0.09027777777777778 0.09027777777777778 
