127 0.3055555555555556 0.7569444444444444 0.09027777777777778 0.09027777777777778 
85 0.4131944444444444 0.8541666666666666 0.09027777777777778 0.09027777777777778 
29 0.7604166666666666 0.21875 0.09027777777777778 0.09027777777777778 
90 0.9548611111111112 0.8854166666666666 0.09027777777777778 0.09027777777777778 
65 0.6527777777777778 0.65625 0.09027777777777778 0.09027777777777778 
16 0.5208333333333334 0.4826388888888889 0.09027777777777778 0.09027777777777778 
34 0.3263888888888889 0.1701388888888889 0.09027777777777778 0.09027777777777778 
130 0.3506944444444444 0.46875 0.09027777777777778 0.09027777777777778 
48 0.7534722222222222 0.25 0.09027777777777778 0.09027777777777778 
14 0.6909722222222222 0.2777777777777778 0.09027777777777778 0.09027777777777778 
