40 0.75 0.4444444444444444 0.09027777777777778 0.09027777777777778 
119 0.4583333333333333 0.4861111111111111 0.09027777777777778 0.09027777777777778 
38 0.5034722222222222 0.2048611111111111 0.09027777777777778 0.09027777777777778 
3 0.16666666666666666 0.9097222222222222 0.09027777777777778 0.09027777777777778 
141 0.4583333333333333 0.3854166666666667 0.09027777777777778 0.09027777777777778 
51 0.78125 0.2013888888888889 0.09027777777777778 0.09027777777777778 
70 0.9305555555555556 0.09375 0.09027777777777778 0.09027777777777778 
129 0.34375 0.5833333333333334 0.09027777777777778 0.09027777777777778 
128 0.2048611111111111 0.9513888888888888 0.09027777777777778 0.09027777777777778 
148 0.7465277777777778 0.3090277777777778 0.09027777777777778 0.09027777777777778 
