17 0.9548611111111112 0.8854166666666666 0.09027777777777778 0.09027777777777778 
87 0.2916666666666667 0.2222222222222222 0.09027777777777778 0.09027777777777778 
30 0.8194444444444444 0.8402777777777778 0.09027777777777778 0.09027777777777778 
104 0.3645833333333333 0.8472222222222222 0.09027777777777778 0.09027777777777778 
77 0.6527777777777778 0.8125 0.09027777777777778 0.09027777777777778 
1 0.53125 0.8819444444444444 0.09027777777777778 0.09027777777777778 
36 0.8784722222222222 0.2013888888888889 0.09027777777777778 0.09027777777777778 
128 0.3402777777777778 0.7569444444444444 0.09027777777777778 0.09027777777777778 
44 0.17708333333333334 0.2847222222222222 0.09027777777777778 0.09027777777777778 
103 0.2847222222222222 0.4479166666666667 0.09027777777777778 0.09027777777777778 
