142 0.4548611111111111 0.12152777777777778 0.09027777777777778 0.09027777777777778 
111 0.2881944444444444 0.2152777777777778 0.09027777777777778 0.09027777777777778 
108 0.9513888888888888 0.5173611111111112 0.09027777777777778 0.09027777777777778 
31 0.7013888888888888 0.7361111111111112 0.09027777777777778 0.09027777777777778 
11 0.6215277777777778 0.2743055555555556 0.09027777777777778 0.09027777777777778 
151 0.5729166666666666 0.5694444444444444 0.09027777777777778 0.09027777777777778 
154 0.3125 0.9131944444444444 0.09027777777777778 0.09027777777777778 
83 0.12152777777777778 0.14583333333333334 0.09027777777777778 0.09027777777777778 
114 0.5416666666666666 0.6319444444444444 0.09027777777777778 0.09027777777777778 
77 0.9409722222222222 0.8229166666666666 0.09027777777777778 0.09027777777777778 
