137 0.8020833333333334 0.1701388888888889 0.09027777777777778 0.09027777777777778 
25 0.08333333333333333 0.71875 0.09027777777777778 0.09027777777777778 
42 0.5729166666666666 0.06944444444444445 0.09027777777777778 0.09027777777777778 
93 0.6041666666666666 0.1527777777777778 0.09027777777777778 0.09027777777777778 
74 0.2986111111111111 0.4583333333333333 0.09027777777777778 0.09027777777777778 
102 0.9479166666666666 0.04861111111111111 0.09027777777777778 0.09027777777777778 
142 0.375 0.2534722222222222 0.09027777777777778 0.09027777777777778 
14 0.3819444444444444 0.4236111111111111 0.09027777777777778 0.09027777777777778 
95 0.4027777777777778 0.8263888888888888 0.09027777777777778 0.09027777777777778 
102 0.8333333333333334 0.19444444444444445 0.09027777777777778 0.09027777777777778 
