4 0.0798611111111111 0.4201388888888889 0.09027777777777778 0.09027777777777778 
150 0.6979166666666666 0.2743055555555556 0.09027777777777778 0.09027777777777778 
61 0.75 0.6631944444444444 0.09027777777777778 0.09027777777777778 
50 0.6076388888888888 0.4270833333333333 0.09027777777777778 0.09027777777777778 
139 0.5868055555555556 0.8888888888888888 0.09027777777777778 0.09027777777777778 
23 0.7604166666666666 0.5520833333333334 0.09027777777777778 0.09027777777777778 
144 0.6076388888888888 0.3541666666666667 0.09027777777777778 0.09027777777777778 
133 0.3958333333333333 0.7256944444444444 0.09027777777777778 0.09027777777777778 
69 0.6111111111111112 0.3784722222222222 0.09027777777777778 0.09027777777777778 
133 0.3576388888888889 0.5555555555555556 0.09027777777777778 0.09027777777777778 
