0 0.75 0.5763888888888888 0.09027777777777778 0.09027777777777778 
88 0.5451388888888888 0.1840277777777778 0.09027777777777778 0.09027777777777778 
9 0.6666666666666666 0.5104166666666666 0.09027777777777778 0.09027777777777778 
11 0.8784722222222222 0.4861111111111111 0.09027777777777778 0.09027777777777778 
68 0.28125 0.9548611111111112 0.09027777777777778 0.09027777777777778 
147 0.7847222222222222 0.8298611111111112 0.09027777777777778 0.09027777777777778 
27 0.7569444444444444 0.7638888888888888 0.09027777777777778 0.09027777777777778 
52 0.2847222222222222 0.8298611111111112 0.09027777777777778 0.09027777777777778 
74 0.5659722222222222 0.4340277777777778 0.09027777777777778 0.09027777777777778 
5 0.7222222222222222 0.3055555555555556 0.09027777777777778 0.09027777777777778 
