79 0.75 0.12152777777777778 0.09027777777777778 0.09027777777777778 
103 0.6805555555555556 0.5243055555555556 0.09027777777777778 0.09027777777777778 
156 0.6493055555555556 0.5590277777777778 0.09027777777777778 0.09027777777777778 
52 0.53125 0.6736111111111112 0.09027777777777778 0.09027777777777778 
39 0.8680555555555556 0.1111111111111111 0.09027777777777778 0.09027777777777778 
129 0.1909722222222222 0.1736111111111111 0.09027777777777778 0.09027777777777778 
25 0.6006944444444444 0.3680555555555556 0.09027777777777778 0.09027777777777778 
97 0.3194444444444444 0.5451388888888888 0.09027777777777778 0.09027777777777778 
111 0.9409722222222222 0.4826388888888889 0.09027777777777778 0.09027777777777778 
9 0.7083333333333334 0.4340277777777778 0.09027777777777778 0.09027777777777778 
