37 0.19444444444444445 0.71875 0.09027777777777778 0.09027777777777778 
149 0.5347222222222222 0.6041666666666666 0.09027777777777778 0.09027777777777778 
122 0.6319444444444444 0.8472222222222222 0.09027777777777778 0.09027777777777778 
149 0.1736111111111111 0.11458333333333333 0.09027777777777778 0.09027777777777778 
82 0.4409722222222222 0.8611111111111112 0.09027777777777778 0.09027777777777778 
20 0.8055555555555556 0.5486111111111112 0.09027777777777778 0.09027777777777778 
118 0.1875 0.5243055555555556 0.09027777777777778 0.09027777777777778 
32 0.5972222222222222 0.9479166666666666 0.09027777777777778 0.09027777777777778 
60 0.28125 0.11458333333333333 0.09027777777777778 0.09027777777777778 
147 0.7569444444444444 0.7951388888888888 0.09027777777777778 0.09027777777777778 
