42 0.7256944444444444 0.5694444444444444 0.09027777777777778 0.09027777777777778 
157 0.2013888888888889 0.6770833333333334 0.09027777777777778 0.09027777777777778 
81 0.5590277777777778 0.5833333333333334 0.09027777777777778 0.09027777777777778 
68 0.3541666666666667 0.06597222222222222 0.09027777777777778 0.09027777777777778 
122 0.8680555555555556 0.65625 0.09027777777777778 0.09027777777777778 
93 0.052083333333333336 0.28125 0.09027777777777778 0.09027777777777778 
3 0.04513888888888889 0.6666666666666666 0.09027777777777778 0.09027777777777778 
145 0.78125 0.6493055555555556 0.09027777777777778 0.09027777777777778 
145 0.75 0.13541666666666666 0.09027777777777778 0.09027777777777778 
151 0.1388888888888889 0.6284722222222222 0.09027777777777778 0.09027777777777778 
