81 0.2604166666666667 0.7395833333333334 0.09027777777777778 0.09027777777777778 
21 0.5555555555555556 0.1701388888888889 0.09027777777777778 0.09027777777777778 
35 0.4097222222222222 0.4340277777777778 0.09027777777777778 0.09027777777777778 
87 0.05555555555555555 0.1701388888888889 0.09027777777777778 0.09027777777777778 
86 0.53125 0.3055555555555556 0.09027777777777778 0.09027777777777778 
55 0.2708333333333333 0.19791666666666666 0.09027777777777778 0.09027777777777778 
67 0.9236111111111112 0.3298611111111111 0.09027777777777778 0.09027777777777778 
28 0.09722222222222222 0.1840277777777778 0.09027777777777778 0.09027777777777778 
85 0.9340277777777778 0.5486111111111112 0.09027777777777778 0.09027777777777778 
120 0.8715277777777778 0.4097222222222222 0.09027777777777778 0.09027777777777778 
