54 0.1527777777777778 0.22569444444444445 0.09027777777777778 0.09027777777777778 
29 0.14583333333333334 0.8090277777777778 0.09027777777777778 0.09027777777777778 
77 0.6770833333333334 0.6909722222222222 0.09027777777777778 0.09027777777777778 
117 0.1388888888888889 0.1284722222222222 0.09027777777777778 0.09027777777777778 
126 0.8194444444444444 0.8958333333333334 0.09027777777777778 0.09027777777777778 
131 0.1423611111111111 0.5972222222222222 0.09027777777777778 0.09027777777777778 
157 0.13194444444444445 0.4618055555555556 0.09027777777777778 0.09027777777777778 
129 0.13541666666666666 0.2361111111111111 0.09027777777777778 0.09027777777777778 
113 0.84375 0.4097222222222222 0.09027777777777778 0.09027777777777778 
76 0.5763888888888888 0.71875 0.09027777777777778 0.09027777777777778 
