154 0.4513888888888889 0.5243055555555556 0.09027777777777778 0.09027777777777778 
56 0.8715277777777778 0.4756944444444444 0.09027777777777778 0.09027777777777778 
76 0.2222222222222222 0.9236111111111112 0.09027777777777778 0.09027777777777778 
5 0.2916666666666667 0.6006944444444444 0.09027777777777778 0.09027777777777778 
123 0.3541666666666667 0.6666666666666666 0.09027777777777778 0.09027777777777778 
6 0.04513888888888889 0.34375 0.09027777777777778 0.09027777777777778 
121 0.3958333333333333 0.8194444444444444 0.09027777777777778 0.09027777777777778 
132 0.3680555555555556 0.25 0.09027777777777778 0.09027777777777778 
135 0.3159722222222222 0.59375 0.09027777777777778 0.09027777777777778 
101 0.3506944444444444 0.4479166666666667 0.09027777777777778 0.09027777777777778 
