112 0.1076388888888889 0.2222222222222222 0.09027777777777778 0.09027777777777778 
16 0.22569444444444445 0.1840277777777778 0.09027777777777778 0.09027777777777778 
119 0.8541666666666666 0.9236111111111112 0.09027777777777778 0.09027777777777778 
65 0.7222222222222222 0.2048611111111111 0.09027777777777778 0.09027777777777778 
29 0.22916666666666666 0.53125 0.09027777777777778 0.09027777777777778 
17 0.4201388888888889 0.09027777777777778 0.09027777777777778 0.09027777777777778 
114 0.21875 0.9027777777777778 0.09027777777777778 0.09027777777777778 
68 0.7256944444444444 0.12152777777777778 0.09027777777777778 0.09027777777777778 
114 0.14583333333333334 0.6354166666666666 0.09027777777777778 0.09027777777777778 
100 0.4305555555555556 0.4583333333333333 0.09027777777777778 0.09027777777777778 
