142 0.23958333333333334 0.1909722222222222 0.09027777777777778 0.09027777777777778 
21 0.65625 0.7916666666666666 0.09027777777777778 0.09027777777777778 
50 0.6805555555555556 0.1597222222222222 0.09027777777777778 0.09027777777777778 
30 0.2361111111111111 0.6701388888888888 0.09027777777777778 0.09027777777777778 
92 0.6909722222222222 0.8402777777777778 0.09027777777777778 0.09027777777777778 
46 0.8888888888888888 0.7986111111111112 0.09027777777777778 0.09027777777777778 
131 0.8854166666666666 0.6597222222222222 0.09027777777777778 0.09027777777777778 
51 0.4166666666666667 0.6736111111111112 0.09027777777777778 0.09027777777777778 
59 0.6597222222222222 0.9409722222222222 0.09027777777777778 0.09027777777777778 
81 0.3055555555555556 0.4583333333333333 0.09027777777777778 0.09027777777777778 
