44 0.7743055555555556 0.10069444444444445 0.09027777777777778 0.09027777777777778 
104 0.8993055555555556 0.6145833333333334 0.09027777777777778 0.09027777777777778 
93 0.9479166666666666 0.90625 0.09027777777777778 0.09027777777777778 
144 0.3194444444444444 0.7708333333333334 0.09027777777777778 0.09027777777777778 
79 0.04861111111111111 0.7361111111111112 0.09027777777777778 0.09027777777777778 
8 0.7604166666666666 0.3125 0.09027777777777778 0.09027777777777778 
34 0.6145833333333334 0.6215277777777778 0.09027777777777778 0.09027777777777778 
137 0.5104166666666666 0.9236111111111112 0.09027777777777778 0.09027777777777778 
45 0.9479166666666666 0.3645833333333333 0.09027777777777778 0.09027777777777778 
135 0.8541666666666666 0.1284722222222222 0.09027777777777778 0.09027777777777778 
