154 0.16666666666666666 0.09375 0.09027777777777778 0.09027777777777778 
113 0.2048611111111111 0.5798611111111112 0.09027777777777778 0.09027777777777778 
69 0.7326388888888888 0.6215277777777778 0.09027777777777778 0.09027777777777778 
10 0.3784722222222222 0.3576388888888889 0.09027777777777778 0.09027777777777778 
115 0.5555555555555556 0.6770833333333334 0.09027777777777778 0.09027777777777778 
95 0.3854166666666667 0.8715277777777778 0.09027777777777778 0.09027777777777778 
41 0.5555555555555556 0.3333333333333333 0.09027777777777778 0.09027777777777778 
48 0.7465277777777778 0.6666666666666666 0.09027777777777778 0.09027777777777778 
92 0.3958333333333333 0.65625 0.09027777777777778 0.09027777777777778 
25 0.09722222222222222 0.4375 0.09027777777777778 0.09027777777777778 
