137 0.1076388888888889 0.08333333333333333 0.09027777777777778 0.09027777777777778 
63 0.90625 0.3958333333333333 0.09027777777777778 0.09027777777777778 
89 0.7881944444444444 0.4618055555555556 0.09027777777777778 0.09027777777777778 
4 0.7708333333333334 0.46875 0.09027777777777778 0.09027777777777778 
110 0.3923611111111111 0.3958333333333333 0.09027777777777778 0.09027777777777778 
52 0.6215277777777778 0.5381944444444444 0.09027777777777778 0.09027777777777778 
15 0.07291666666666667 0.15625 0.09027777777777778 0.09027777777777778 
40 0.4513888888888889 0.3159722222222222 0.09027777777777778 0.09027777777777778 
62 0.4652777777777778 0.6388888888888888 0.09027777777777778 0.09027777777777778 
48 0.4270833333333333 0.8645833333333334 0.09027777777777778 0.09027777777777778 
