105 0.7430555555555556 0.6284722222222222 0.09027777777777778 0.09027777777777778 
95 0.4340277777777778 0.19444444444444445 0.09027777777777778 0.09027777777777778 
155 0.16319444444444445 0.22916666666666666 0.09027777777777778 0.09027777777777778 
44 0.9479166666666666 0.9201388888888888 0.09027777777777778 0.09027777777777778 
153 0.6111111111111112 0.5625 0.09027777777777778 0.09027777777777778 
56 0.3576388888888889 0.3020833333333333 0.09027777777777778 0.09027777777777778 
99 0.9166666666666666 0.6458333333333334 0.09027777777777778 0.09027777777777778 
66 0.3611111111111111 0.1909722222222222 0.09027777777777778 0.09027777777777778 
116 0.7152777777777778 0.11805555555555555 0.09027777777777778 0.09027777777777778 
99 0.1423611111111111 0.5381944444444444 0.09027777777777778 0.09027777777777778 
