150 0.4895833333333333 0.625 0.09027777777777778 0.09027777777777778 
59 0.6215277777777778 0.1736111111111111 0.09027777777777778 0.09027777777777778 
94 0.6354166666666666 0.17708333333333334 0.09027777777777778 0.09027777777777778 
3 0.10416666666666667 0.7395833333333334 0.09027777777777778 0.09027777777777778 
137 0.7986111111111112 0.3645833333333333 0.09027777777777778 0.09027777777777778 
66 0.5833333333333334 0.8888888888888888 0.09027777777777778 0.09027777777777778 
136 0.8888888888888888 0.6423611111111112 0.09027777777777778 0.09027777777777778 
11 0.6041666666666666 0.23958333333333334 0.09027777777777778 0.09027777777777778 
28 0.06597222222222222 0.2048611111111111 0.09027777777777778 0.09027777777777778 
41 0.5138888888888888 0.4444444444444444 0.09027777777777778 0.09027777777777778 
