80 0.7569444444444444 0.2847222222222222 0.09027777777777778 0.09027777777777778 
131 0.4791666666666667 0.5833333333333334 0.09027777777777778 0.09027777777777778 
75 0.14583333333333334 0.18055555555555555 0.09027777777777778 0.09027777777777778 
7 0.19444444444444445 0.8854166666666666 0.09027777777777778 0.09027777777777778 
138 0.5451388888888888 0.21180555555555555 0.09027777777777778 0.09027777777777778 
111 0.20833333333333334 0.8159722222222222 0.09027777777777778 0.09027777777777778 
77 0.1701388888888889 0.2986111111111111 0.09027777777777778 0.09027777777777778 
134 0.3055555555555556 0.4097222222222222 0.09027777777777778 0.09027777777777778 
112 0.18055555555555555 0.7604166666666666 0.09027777777777778 0.09027777777777778 
19 0.3229166666666667 0.6493055555555556 0.09027777777777778 0.09027777777777778 
