28 0.5208333333333334 0.7291666666666666 0.09027777777777778 0.09027777777777778 
45 0.19791666666666666 0.5659722222222222 0.09027777777777778 0.09027777777777778 
42 0.8194444444444444 0.8576388888888888 0.09027777777777778 0.09027777777777778 
113 0.1527777777777778 0.5208333333333334 0.09027777777777778 0.09027777777777778 
36 0.9479166666666666 0.9340277777777778 0.09027777777777778 0.09027777777777778 
46 0.5833333333333334 0.0625 0.09027777777777778 0.09027777777777778 
39 0.8715277777777778 0.8333333333333334 0.09027777777777778 0.09027777777777778 
113 0.052083333333333336 0.8541666666666666 0.09027777777777778 0.09027777777777778 
51 0.5902777777777778 0.6770833333333334 0.09027777777777778 0.09027777777777778 
74 0.9479166666666666 0.3576388888888889 0.09027777777777778 0.09027777777777778 
