33 0.1423611111111111 0.2673611111111111 0.09027777777777778 0.09027777777777778 
125 0.59375 0.2743055555555556 0.09027777777777778 0.09027777777777778 
81 0.7986111111111112 0.2986111111111111 0.09027777777777778 0.09027777777777778 
116 0.6875 0.4270833333333333 0.09027777777777778 0.09027777777777778 
144 0.0625 0.6875 0.09027777777777778 0.09027777777777778 
33 0.4791666666666667 0.7673611111111112 0.09027777777777778 0.09027777777777778 
88 0.6354166666666666 0.5520833333333334 0.09027777777777778 0.09027777777777778 
56 0.2673611111111111 0.7152777777777778 0.09027777777777778 0.09027777777777778 
138 0.8368055555555556 0.6493055555555556 0.09027777777777778 0.09027777777777778 
150 0.6006944444444444 0.8472222222222222 0.09027777777777778 0.09027777777777778 
