47 0.3993055555555556 0.5 0.09027777777777778 0.09027777777777778 
11 0.7222222222222222 0.4652777777777778 0.09027777777777778 0.09027777777777778 
61 0.9270833333333334 0.34375 0.09027777777777778 0.09027777777777778 
88 0.3090277777777778 0.8611111111111112 0.09027777777777778 0.09027777777777778 
25 0.7569444444444444 0.7916666666666666 0.09027777777777778 0.09027777777777778 
44 0.6388888888888888 0.2638888888888889 0.09027777777777778 0.09027777777777778 
50 0.5833333333333334 0.7638888888888888 0.09027777777777778 0.09027777777777778 
155 0.4861111111111111 0.3506944444444444 0.09027777777777778 0.09027777777777778 
3 0.4826388888888889 0.5902777777777778 0.09027777777777778 0.09027777777777778 
125 0.09027777777777778 0.8020833333333334 0.09027777777777778 0.09027777777777778 
