147 0.5104166666666666 0.7951388888888888 0.09027777777777778 0.09027777777777778 
49 0.5451388888888888 0.8611111111111112 0.09027777777777778 0.09027777777777778 
153 0.5104166666666666 0.3298611111111111 0.09027777777777778 0.09027777777777778 
103 0.11458333333333333 0.2847222222222222 0.09027777777777778 0.09027777777777778 
128 0.7465277777777778 0.2777777777777778 0.09027777777777778 0.09027777777777778 
26 0.18055555555555555 0.4201388888888889 0.09027777777777778 0.09027777777777778 
157 0.28125 0.6944444444444444 0.09027777777777778 0.09027777777777778 
156 0.5520833333333334 0.6458333333333334 0.09027777777777778 0.09027777777777778 
93 0.5798611111111112 0.6388888888888888 0.09027777777777778 0.09027777777777778 
96 0.7291666666666666 0.8055555555555556 0.09027777777777778 0.09027777777777778 
