1 0.8263888888888888 0.6076388888888888 0.09027777777777778 0.09027777777777778 
99 0.4965277777777778 0.4618055555555556 0.09027777777777778 0.09027777777777778 
14 0.3506944444444444 0.2222222222222222 0.09027777777777778 0.09027777777777778 
87 0.5486111111111112 0.8680555555555556 0.09027777777777778 0.09027777777777778 
107 0.3541666666666667 0.1597222222222222 0.09027777777777778 0.09027777777777778 
105 0.84375 0.9236111111111112 0.09027777777777778 0.09027777777777778 
126 0.6006944444444444 0.6180555555555556 0.09027777777777778 0.09027777777777778 
75 0.3333333333333333 0.7534722222222222 0.09027777777777778 0.09027777777777778 
134 0.8020833333333334 0.34375 0.09027777777777778 0.09027777777777778 
81 0.28125 0.34375 0.09027777777777778 0.09027777777777778 
