38 0.07291666666666667 0.8645833333333334 0.09027777777777778 0.09027777777777778 
141 0.375 0.7256944444444444 0.09027777777777778 0.09027777777777778 
42 0.8819444444444444 0.2534722222222222 0.09027777777777778 0.09027777777777778 
2 0.4479166666666667 0.08680555555555555 0.09027777777777778 0.09027777777777778 
22 0.90625 0.7743055555555556 0.09027777777777778 0.09027777777777778 
155 0.1076388888888889 0.16319444444444445 0.09027777777777778 0.09027777777777778 
92 0.3611111111111111 0.2986111111111111 0.09027777777777778 0.09027777777777778 
154 0.5 0.8263888888888888 0.09027777777777778 0.09027777777777778 
63 0.8402777777777778 0.4722222222222222 0.09027777777777778 0.09027777777777778 
58 0.6736111111111112 0.5798611111111112 0.09027777777777778 0.09027777777777778 
