36 0.9513888888888888 0.7083333333333334 0.09027777777777778 0.09027777777777778 
136 0.2777777777777778 0.3611111111111111 0.09027777777777778 0.09027777777777778 
98 0.1423611111111111 0.12152777777777778 0.09027777777777778 0.09027777777777778 
19 0.125 0.3159722222222222 0.09027777777777778 0.09027777777777778 
25 0.3159722222222222 0.4965277777777778 0.09027777777777778 0.09027777777777778 
125 0.78125 0.6840277777777778 0.09027777777777778 0.09027777777777778 
124 0.6284722222222222 0.3368055555555556 0.09027777777777778 0.09027777777777778 
151 0.3194444444444444 0.13541666666666666 0.09027777777777778 0.09027777777777778 
49 0.3333333333333333 0.2569444444444444 0.09027777777777778 0.09027777777777778 
96 0.8402777777777778 0.059027777777777776 0.09027777777777778 0.09027777777777778 
