149 0.5243055555555556 0.16319444444444445 0.09027777777777778 0.09027777777777778 
115 0.08680555555555555 0.8541666666666666 0.09027777777777778 0.09027777777777778 
154 0.0763888888888889 0.9513888888888888 0.09027777777777778 0.09027777777777778 
154 0.2465277777777778 0.5625 0.09027777777777778 0.09027777777777778 
32 0.4097222222222222 0.7395833333333334 0.09027777777777778 0.09027777777777778 
143 0.6354166666666666 0.9166666666666666 0.09027777777777778 0.09027777777777778 
122 0.6076388888888888 0.5694444444444444 0.09027777777777778 0.09027777777777778 
91 0.5208333333333334 0.8645833333333334 0.09027777777777778 0.09027777777777778 
138 0.2569444444444444 0.1076388888888889 0.09027777777777778 0.09027777777777778 
68 0.17708333333333334 0.7048611111111112 0.09027777777777778 0.09027777777777778 
