104 0.6041666666666666 0.16319444444444445 0.09027777777777778 0.09027777777777778 
98 0.1736111111111111 0.5347222222222222 0.09027777777777778 0.09027777777777778 
122 0.25 0.7465277777777778 0.09027777777777778 0.09027777777777778 
88 0.3576388888888889 0.7638888888888888 0.09027777777777778 0.09027777777777778 
136 0.6979166666666666 0.09027777777777778 0.09027777777777778 0.09027777777777778 
118 0.6006944444444444 0.7847222222222222 0.09027777777777778 0.09027777777777778 
144 0.7118055555555556 0.5104166666666666 0.09027777777777778 0.09027777777777778 
24 0.06597222222222222 0.40625 0.09027777777777778 0.09027777777777778 
30 0.6493055555555556 0.3368055555555556 0.09027777777777778 0.09027777777777778 
120 0.2743055555555556 0.5451388888888888 0.09027777777777778 0.09027777777777778 
