129 0.14583333333333334 0.14583333333333334 0.09027777777777778 0.09027777777777778 
66 0.2048611111111111 0.7395833333333334 0.09027777777777778 0.09027777777777778 
39 0.14583333333333334 0.2708333333333333 0.09027777777777778 0.09027777777777778 
4 0.7777777777777778 0.5173611111111112 0.09027777777777778 0.09027777777777778 
22 0.16666666666666666 0.18055555555555555 0.09027777777777778 0.09027777777777778 
32 0.21875 0.7152777777777778 0.09027777777777778 0.09027777777777778 
40 0.8194444444444444 0.2847222222222222 0.09027777777777778 0.09027777777777778 
154 0.08680555555555555 0.4444444444444444 0.09027777777777778 0.09027777777777778 
108 0.21180555555555555 0.9444444444444444 0.09027777777777778 0.09027777777777778 
45 0.1736111111111111 0.75 0.09027777777777778 0.09027777777777778 
