94 0.3298611111111111 0.21875 0.09027777777777778 0.09027777777777778 
16 0.5173611111111112 0.8159722222222222 0.09027777777777778 0.09027777777777778 
107 0.9444444444444444 0.8645833333333334 0.09027777777777778 0.09027777777777778 
94 0.7847222222222222 0.11458333333333333 0.09027777777777778 0.09027777777777778 
136 0.7430555555555556 0.4548611111111111 0.09027777777777778 0.09027777777777778 
6 0.8993055555555556 0.4270833333333333 0.09027777777777778 0.09027777777777778 
6 0.9305555555555556 0.3576388888888889 0.09027777777777778 0.09027777777777778 
97 0.2638888888888889 0.2708333333333333 0.09027777777777778 0.09027777777777778 
145 0.11805555555555555 0.34375 0.09027777777777778 0.09027777777777778 
41 0.7118055555555556 0.6354166666666666 0.09027777777777778 0.09027777777777778 
