33 0.3229166666666667 0.13194444444444445 0.09027777777777778 0.09027777777777778 
118 0.625 0.7361111111111112 0.09027777777777778 0.09027777777777778 
29 0.2916666666666667 0.7951388888888888 0.09027777777777778 0.09027777777777778 
73 0.9131944444444444 0.5208333333333334 0.09027777777777778 0.09027777777777778 
28 0.4166666666666667 0.4618055555555556 0.09027777777777778 0.09027777777777778 
11 0.8263888888888888 0.3611111111111111 0.09027777777777778 0.09027777777777778 
48 0.7326388888888888 0.6319444444444444 0.09027777777777778 0.09027777777777778 
6 0.04513888888888889 0.6354166666666666 0.09027777777777778 0.09027777777777778 
114 0.8819444444444444 0.8854166666666666 0.09027777777777778 0.09027777777777778 
99 0.7326388888888888 0.6597222222222222 0.09027777777777778 0.09027777777777778 
