141 0.6458333333333334 0.8576388888888888 0.09027777777777778 0.09027777777777778 
85 0.8368055555555556 0.4722222222222222 0.09027777777777778 0.09027777777777778 
58 0.21180555555555555 0.09375 0.09027777777777778 0.09027777777777778 
21 0.2604166666666667 0.5798611111111112 0.09027777777777778 0.09027777777777778 
145 0.23958333333333334 0.3125 0.09027777777777778 0.09027777777777778 
54 0.4722222222222222 0.6354166666666666 0.09027777777777778 0.09027777777777778 
2 0.5173611111111112 0.8993055555555556 0.09027777777777778 0.09027777777777778 
94 0.90625 0.3993055555555556 0.09027777777777778 0.09027777777777778 
31 0.9027777777777778 0.8819444444444444 0.09027777777777778 0.09027777777777778 
9 0.23958333333333334 0.8090277777777778 0.09027777777777778 0.09027777777777778 
