70 0.22916666666666666 0.5659722222222222 0.09027777777777778 0.09027777777777778 
119 0.8402777777777778 0.3923611111111111 0.09027777777777778 0.09027777777777778 
49 0.0798611111111111 0.059027777777777776 0.09027777777777778 0.09027777777777778 
144 0.2881944444444444 0.09375 0.09027777777777778 0.09027777777777778 
127 0.6909722222222222 0.2673611111111111 0.09027777777777778 0.09027777777777778 
20 0.71875 0.06597222222222222 0.09027777777777778 0.09027777777777778 
38 0.1875 0.7708333333333334 0.09027777777777778 0.09027777777777778 
52 0.08333333333333333 0.5659722222222222 0.09027777777777778 0.09027777777777778 
88 0.1701388888888889 0.4722222222222222 0.09027777777777778 0.09027777777777778 
59 0.9444444444444444 0.1909722222222222 0.09027777777777778 0.09027777777777778 
