41 0.4236111111111111 0.4340277777777778 0.09027777777777778 0.09027777777777778 
145 0.19444444444444445 0.5972222222222222 0.09027777777777778 0.09027777777777778 
36 0.3923611111111111 0.2152777777777778 0.09027777777777778 0.09027777777777778 
148 0.2604166666666667 0.17708333333333334 0.09027777777777778 0.09027777777777778 
145 0.8298611111111112 0.5625 0.09027777777777778 0.09027777777777778 
74 0.6284722222222222 0.75 0.09027777777777778 0.09027777777777778 
1 0.8159722222222222 0.052083333333333336 0.09027777777777778 0.09027777777777778 
156 0.4236111111111111 0.7916666666666666 0.09027777777777778 0.09027777777777778 
68 0.2847222222222222 0.4513888888888889 0.09027777777777778 0.09027777777777778 
24 0.9444444444444444 0.6145833333333334 0.09027777777777778 0.09027777777777778 
