139 0.10416666666666667 0.7256944444444444 0.09027777777777778 0.09027777777777778 
136 0.6423611111111112 0.7256944444444444 0.09027777777777778 0.09027777777777778 
126 0.3993055555555556 0.18055555555555555 0.09027777777777778 0.09027777777777778 
37 0.78125 0.6076388888888888 0.09027777777777778 0.09027777777777778 
52 0.4236111111111111 0.8368055555555556 0.09027777777777778 0.09027777777777778 
86 0.7916666666666666 0.7465277777777778 0.09027777777777778 0.09027777777777778 
69 0.4930555555555556 0.4826388888888889 0.09027777777777778 0.09027777777777778 
119 0.9409722222222222 0.09722222222222222 0.09027777777777778 0.09027777777777778 
48 0.05555555555555555 0.6423611111111112 0.09027777777777778 0.09027777777777778 
92 0.5659722222222222 0.4513888888888889 0.09027777777777778 0.09027777777777778 
