9 0.9340277777777778 0.5381944444444444 0.09027777777777778 0.09027777777777778 
100 0.0763888888888889 0.3194444444444444 0.09027777777777778 0.09027777777777778 
4 0.3402777777777778 0.6354166666666666 0.09027777777777778 0.09027777777777778 
60 0.8611111111111112 0.125 0.09027777777777778 0.09027777777777778 
139 0.46875 0.3541666666666667 0.09027777777777778 0.09027777777777778 
140 0.5729166666666666 0.6909722222222222 0.09027777777777778 0.09027777777777778 
154 0.4236111111111111 0.7152777777777778 0.09027777777777778 0.09027777777777778 
38 0.2777777777777778 0.3055555555555556 0.09027777777777778 0.09027777777777778 
73 0.875 0.4236111111111111 0.09027777777777778 0.09027777777777778 
4 0.7326388888888888 0.3368055555555556 0.09027777777777778 0.09027777777777778 
