7 0.6423611111111112 0.19791666666666666 0.09027777777777778 0.09027777777777778 
57 0.6493055555555556 0.2638888888888889 0.09027777777777778 0.09027777777777778 
54 0.4930555555555556 0.3854166666666667 0.09027777777777778 0.09027777777777778 
117 0.7569444444444444 0.6423611111111112 0.09027777777777778 0.09027777777777778 
132 0.9375 0.3298611111111111 0.09027777777777778 0.09027777777777778 
32 0.6284722222222222 0.7326388888888888 0.09027777777777778 0.09027777777777778 
29 0.08333333333333333 0.2013888888888889 0.09027777777777778 0.09027777777777778 
94 0.7777777777777778 0.18055555555555555 0.09027777777777778 0.09027777777777778 
25 0.3090277777777778 0.09722222222222222 0.09027777777777778 0.09027777777777778 
137 0.9375 0.4444444444444444 0.09027777777777778 0.09027777777777778 
