156 0.5451388888888888 0.5902777777777778 0.09027777777777778 0.09027777777777778 
26 0.8680555555555556 0.3541666666666667 0.09027777777777778 0.09027777777777778 
155 0.5138888888888888 0.2048611111111111 0.09027777777777778 0.09027777777777778 
127 0.8090277777777778 0.5729166666666666 0.09027777777777778 0.09027777777777778 
152 0.8611111111111112 0.6631944444444444 0.09027777777777778 0.09027777777777778 
147 0.7673611111111112 0.5659722222222222 0.09027777777777778 0.09027777777777778 
78 0.09375 0.10416666666666667 0.09027777777777778 0.09027777777777778 
118 0.3020833333333333 0.8020833333333334 0.09027777777777778 0.09027777777777778 
127 0.22916666666666666 0.5381944444444444 0.09027777777777778 0.09027777777777778 
44 0.7326388888888888 0.14583333333333334 0.09027777777777778 0.09027777777777778 
