24 0.6666666666666666 0.7361111111111112 0.09027777777777778 0.09027777777777778 
83 0.8576388888888888 0.3402777777777778 0.09027777777777778 0.09027777777777778 
86 0.7534722222222222 0.5555555555555556 0.09027777777777778 0.09027777777777778 
40 0.4756944444444444 0.1423611111111111 0.09027777777777778 0.09027777777777778 
70 0.18055555555555555 0.5833333333333334 0.09027777777777778 0.09027777777777778 
151 0.8993055555555556 0.8576388888888888 0.09027777777777778 0.09027777777777778 
58 0.7083333333333334 0.2534722222222222 0.09027777777777778 0.09027777777777778 
83 0.28125 0.2847222222222222 0.09027777777777778 0.09027777777777778 
136 0.4652777777777778 0.6701388888888888 0.09027777777777778 0.09027777777777778 
81 0.4895833333333333 0.7951388888888888 0.09027777777777778 0.09027777777777778 
