12 0.0798611111111111 0.2638888888888889 0.09027777777777778 0.09027777777777778 
153 0.4166666666666667 0.2013888888888889 0.09027777777777778 0.09027777777777778 
131 0.375 0.5625 0.09027777777777778 0.09027777777777778 
98 0.7986111111111112 0.2534722222222222 0.09027777777777778 0.09027777777777778 
17 0.34375 0.7013888888888888 0.09027777777777778 0.09027777777777778 
130 0.2743055555555556 0.3993055555555556 0.09027777777777778 0.09027777777777778 
95 0.1909722222222222 0.1388888888888889 0.09027777777777778 0.09027777777777778 
12 0.9201388888888888 0.4409722222222222 0.09027777777777778 0.09027777777777778 
48 0.9027777777777778 0.17708333333333334 0.09027777777777778 0.09027777777777778 
106 0.4097222222222222 0.8368055555555556 0.09027777777777778 0.09027777777777778 
