137 0.6840277777777778 0.21180555555555555 0.09027777777777778 0.09027777777777778 
89 0.53125 0.4027777777777778 0.09027777777777778 0.09027777777777778 
28 0.3229166666666667 0.7847222222222222 0.09027777777777778 0.09027777777777778 
73 0.4791666666666667 0.3333333333333333 0.09027777777777778 0.09027777777777778 
46 0.28125 0.7708333333333334 0.09027777777777778 0.09027777777777778 
39 0.4930555555555556 0.7361111111111112 0.09027777777777778 0.09027777777777778 
41 0.6875 0.5625 0.09027777777777778 0.09027777777777778 
43 0.4930555555555556 0.78125 0.09027777777777778 0.09027777777777778 
136 0.8576388888888888 0.8645833333333334 0.09027777777777778 0.09027777777777778 
99 0.8923611111111112 0.9097222222222222 0.09027777777777778 0.09027777777777778 
