19 0.6840277777777778 0.3819444444444444 0.09027777777777778 0.09027777777777778 
2 0.9097222222222222 0.16319444444444445 0.09027777777777778 0.09027777777777778 
46 0.4965277777777778 0.9375 0.09027777777777778 0.09027777777777778 
121 0.3298611111111111 0.7569444444444444 0.09027777777777778 0.09027777777777778 
25 0.09375 0.2881944444444444 0.09027777777777778 0.09027777777777778 
63 0.7152777777777778 0.40625 0.09027777777777778 0.09027777777777778 
111 0.7604166666666666 0.2916666666666667 0.09027777777777778 0.09027777777777778 
111 0.8472222222222222 0.5520833333333334 0.09027777777777778 0.09027777777777778 
104 0.7604166666666666 0.07291666666666667 0.09027777777777778 0.09027777777777778 
81 0.052083333333333336 0.22916666666666666 0.09027777777777778 0.09027777777777778 
