140 0.3888888888888889 0.6006944444444444 0.09027777777777778 0.09027777777777778 
63 0.7708333333333334 0.1701388888888889 0.09027777777777778 0.09027777777777778 
97 0.8194444444444444 0.5451388888888888 0.09027777777777778 0.09027777777777778 
31 0.0625 0.7986111111111112 0.09027777777777778 0.09027777777777778 
53 0.052083333333333336 0.4097222222222222 0.09027777777777778 0.09027777777777778 
12 0.1527777777777778 0.7569444444444444 0.09027777777777778 0.09027777777777778 
18 0.7847222222222222 0.3125 0.09027777777777778 0.09027777777777778 
89 0.7256944444444444 0.5520833333333334 0.09027777777777778 0.09027777777777778 
10 0.6006944444444444 0.3229166666666667 0.09027777777777778 0.09027777777777778 
104 0.6180555555555556 0.8958333333333334 0.09027777777777778 0.09027777777777778 
