41 0.3576388888888889 0.15625 0.09027777777777778 0.09027777777777778 
41 0.9236111111111112 0.5555555555555556 0.09027777777777778 0.09027777777777778 
93 0.4444444444444444 0.15625 0.09027777777777778 0.09027777777777778 
29 0.6701388888888888 0.7743055555555556 0.09027777777777778 0.09027777777777778 
59 0.19791666666666666 0.12152777777777778 0.09027777777777778 0.09027777777777778 
48 0.8680555555555556 0.5416666666666666 0.09027777777777778 0.09027777777777778 
101 0.8194444444444444 0.08333333333333333 0.09027777777777778 0.09027777777777778 
26 0.7604166666666666 0.4652777777777778 0.09027777777777778 0.09027777777777778 
45 0.2604166666666667 0.9305555555555556 0.09027777777777778 0.09027777777777778 
61 0.22569444444444445 0.2569444444444444 0.09027777777777778 0.09027777777777778 
