71 0.08333333333333333 0.53125 0.09027777777777778 0.09027777777777778 
85 0.6631944444444444 0.6319444444444444 0.09027777777777778 0.09027777777777778 
76 0.09375 0.5555555555555556 0.09027777777777778 0.09027777777777778 
23 0.5798611111111112 0.7604166666666666 0.09027777777777778 0.09027777777777778 
23 0.1527777777777778 0.04861111111111111 0.09027777777777778 0.09027777777777778 
29 0.5381944444444444 0.5034722222222222 0.09027777777777778 0.09027777777777778 
93 0.7083333333333334 0.4826388888888889 0.09027777777777778 0.09027777777777778 
123 0.9375 0.3090277777777778 0.09027777777777778 0.09027777777777778 
84 0.9097222222222222 0.9305555555555556 0.09027777777777778 0.09027777777777778 
3 0.5833333333333334 0.5729166666666666 0.09027777777777778 0.09027777777777778 
