146 0.4201388888888889 0.4131944444444444 0.09027777777777778 0.09027777777777778 
30 0.6041666666666666 0.1909722222222222 0.09027777777777778 0.09027777777777778 
110 0.6076388888888888 0.9479166666666666 0.09027777777777778 0.09027777777777778 
100 0.1111111111111111 0.6666666666666666 0.09027777777777778 0.09027777777777778 
107 0.4756944444444444 0.6388888888888888 0.09027777777777778 0.09027777777777778 
16 0.24305555555555555 0.375 0.09027777777777778 0.09027777777777778 
43 0.15625 0.1423611111111111 0.09027777777777778 0.09027777777777778 
35 0.3125 0.8402777777777778 0.09027777777777778 0.09027777777777778 
99 0.8611111111111112 0.8611111111111112 0.09027777777777778 0.09027777777777778 
114 0.7291666666666666 0.9201388888888888 0.09027777777777778 0.09027777777777778 
