74 0.2881944444444444 0.6388888888888888 0.09027777777777778 0.09027777777777778 
138 0.46875 0.5138888888888888 0.09027777777777778 0.09027777777777778 
117 0.3159722222222222 0.0625 0.09027777777777778 0.09027777777777778 
142 0.6736111111111112 0.6354166666666666 0.09027777777777778 0.09027777777777778 
13 0.17708333333333334 0.4027777777777778 0.09027777777777778 0.09027777777777778 
36 0.8993055555555556 0.20833333333333334 0.09027777777777778 0.09027777777777778 
45 0.8645833333333334 0.22916666666666666 0.09027777777777778 0.09027777777777778 
80 0.7291666666666666 0.8958333333333334 0.09027777777777778 0.09027777777777778 
129 0.3576388888888889 0.4375 0.09027777777777778 0.09027777777777778 
140 0.5069444444444444 0.09722222222222222 0.09027777777777778 0.09027777777777778 
