107 0.6354166666666666 0.3784722222222222 0.09027777777777778 0.09027777777777778 
103 0.6354166666666666 0.875 0.09027777777777778 0.09027777777777778 
14 0.0625 0.8298611111111112 0.09027777777777778 0.09027777777777778 
126 0.28125 0.7708333333333334 0.09027777777777778 0.09027777777777778 
20 0.9513888888888888 0.9444444444444444 0.09027777777777778 0.09027777777777778 
111 0.09027777777777778 0.5277777777777778 0.09027777777777778 0.09027777777777778 
78 0.3229166666666667 0.6979166666666666 0.09027777777777778 0.09027777777777778 
69 0.2465277777777778 0.5520833333333334 0.09027777777777778 0.09027777777777778 
93 0.4965277777777778 0.6284722222222222 0.09027777777777778 0.09027777777777778 
143 0.9375 0.11458333333333333 0.09027777777777778 0.09027777777777778 
