64 0.5208333333333334 0.5555555555555556 0.09027777777777778 0.09027777777777778 
66 0.16666666666666666 0.24305555555555555 0.09027777777777778 0.09027777777777778 
37 0.2951388888888889 0.8506944444444444 0.09027777777777778 0.09027777777777778 
6 0.9201388888888888 0.21875 0.09027777777777778 0.09027777777777778 
58 0.34375 0.8854166666666666 0.09027777777777778 0.09027777777777778 
52 0.13194444444444445 0.46875 0.09027777777777778 0.09027777777777778 
144 0.4722222222222222 0.3298611111111111 0.09027777777777778 0.09027777777777778 
155 0.8854166666666666 0.6215277777777778 0.09027777777777778 0.09027777777777778 
100 0.8611111111111112 0.7986111111111112 0.09027777777777778 0.09027777777777778 
154 0.2534722222222222 0.3263888888888889 0.09027777777777778 0.09027777777777778 
