13 0.4479166666666667 0.3923611111111111 0.09027777777777778 0.09027777777777778 
127 0.19791666666666666 0.125 0.09027777777777778 0.09027777777777778 
144 0.3402777777777778 0.7430555555555556 0.09027777777777778 0.09027777777777778 
106 0.9340277777777778 0.21180555555555555 0.09027777777777778 0.09027777777777778 
44 0.2326388888888889 0.10069444444444445 0.09027777777777778 0.09027777777777778 
149 0.3368055555555556 0.9131944444444444 0.09027777777777778 0.09027777777777778 
22 0.8090277777777778 0.9444444444444444 0.09027777777777778 0.09027777777777778 
2 0.78125 0.8506944444444444 0.09027777777777778 0.09027777777777778 
110 0.6770833333333334 0.3298611111111111 0.09027777777777778 0.09027777777777778 
74 0.5694444444444444 0.8229166666666666 0.09027777777777778 0.09027777777777778 
