29 0.6736111111111112 0.9444444444444444 0.09027777777777778 0.09027777777777778 
140 0.5625 0.6354166666666666 0.09027777777777778 0.09027777777777778 
49 0.3993055555555556 0.34375 0.09027777777777778 0.09027777777777778 
63 0.9375 0.7048611111111112 0.09027777777777778 0.09027777777777778 
80 0.13541666666666666 0.59375 0.09027777777777778 0.09027777777777778 
98 0.11458333333333333 0.2465277777777778 0.09027777777777778 0.09027777777777778 
123 0.5625 0.4756944444444444 0.09027777777777778 0.09027777777777778 
92 0.3784722222222222 0.2013888888888889 0.09027777777777778 0.09027777777777778 
118 0.4305555555555556 0.9201388888888888 0.09027777777777778 0.09027777777777778 
81 0.052083333333333336 0.3125 0.09027777777777778 0.09027777777777778 
