97 0.9305555555555556 0.5590277777777778 0.09027777777777778 0.09027777777777778 
101 0.3090277777777778 0.7361111111111112 0.09027777777777778 0.09027777777777778 
26 0.3888888888888889 0.7708333333333334 0.09027777777777778 0.09027777777777778 
2 0.4791666666666667 0.6145833333333334 0.09027777777777778 0.09027777777777778 
140 0.3125 0.9236111111111112 0.09027777777777778 0.09027777777777778 
36 0.9444444444444444 0.53125 0.09027777777777778 0.09027777777777778 
40 0.8298611111111112 0.2152777777777778 0.09027777777777778 0.09027777777777778 
137 0.5069444444444444 0.10416666666666667 0.09027777777777778 0.09027777777777778 
67 0.6701388888888888 0.6076388888888888 0.09027777777777778 0.09027777777777778 
96 0.4756944444444444 0.18055555555555555 0.09027777777777778 0.09027777777777778 
