140 0.6354166666666666 0.0625 0.09027777777777778 0.09027777777777778 
129 0.7465277777777778 0.25 0.09027777777777778 0.09027777777777778 
110 0.2916666666666667 0.3923611111111111 0.09027777777777778 0.09027777777777778 
0 0.7326388888888888 0.9375 0.09027777777777778 0.09027777777777778 
29 0.7708333333333334 0.4722222222222222 0.09027777777777778 0.09027777777777778 
119 0.5868055555555556 0.4722222222222222 0.09027777777777778 0.09027777777777778 
52 0.9131944444444444 0.21875 0.09027777777777778 0.09027777777777778 
82 0.2569444444444444 0.5729166666666666 0.09027777777777778 0.09027777777777778 
35 0.0763888888888889 0.6006944444444444 0.09027777777777778 0.09027777777777778 
49 0.5868055555555556 0.8159722222222222 0.09027777777777778 0.09027777777777778 
