105 0.8923611111111112 0.8020833333333334 0.09027777777777778 0.09027777777777778 
105 0.9305555555555556 0.6701388888888888 0.09027777777777778 0.09027777777777778 
136 0.2847222222222222 0.052083333333333336 0.09027777777777778 0.09027777777777778 
20 0.17708333333333334 0.6354166666666666 0.09027777777777778 0.09027777777777778 
28 0.5277777777777778 0.5798611111111112 0.09027777777777778 0.09027777777777778 
93 0.9236111111111112 0.6770833333333334 0.09027777777777778 0.09027777777777778 
27 0.7743055555555556 0.5069444444444444 0.09027777777777778 0.09027777777777778 
140 0.7569444444444444 0.4895833333333333 0.09027777777777778 0.09027777777777778 
50 0.3125 0.13194444444444445 0.09027777777777778 0.09027777777777778 
62 0.0625 0.7534722222222222 0.09027777777777778 0.09027777777777778 
