118 0.4548611111111111 0.4618055555555556 0.09027777777777778 0.09027777777777778 
21 0.4444444444444444 0.6701388888888888 0.09027777777777778 0.09027777777777778 
2 0.5173611111111112 0.8576388888888888 0.09027777777777778 0.09027777777777778 
153 0.3368055555555556 0.8506944444444444 0.09027777777777778 0.09027777777777778 
118 0.5243055555555556 0.3541666666666667 0.09027777777777778 0.09027777777777778 
146 0.7777777777777778 0.5208333333333334 0.09027777777777778 0.09027777777777778 
32 0.2326388888888889 0.8680555555555556 0.09027777777777778 0.09027777777777778 
23 0.7083333333333334 0.6076388888888888 0.09027777777777778 0.09027777777777778 
145 0.7222222222222222 0.3368055555555556 0.09027777777777778 0.09027777777777778 
95 0.11458333333333333 0.125 0.09027777777777778 0.09027777777777778 
