97 0.6006944444444444 0.5208333333333334 0.09027777777777778 0.09027777777777778 
147 0.6770833333333334 0.2708333333333333 0.09027777777777778 0.09027777777777778 
119 0.8819444444444444 0.22569444444444445 0.09027777777777778 0.09027777777777778 
104 0.5694444444444444 0.09722222222222222 0.09027777777777778 0.09027777777777778 
83 0.3090277777777778 0.6805555555555556 0.09027777777777778 0.09027777777777778 
91 0.09722222222222222 0.7222222222222222 0.09027777777777778 0.09027777777777778 
153 0.20833333333333334 0.4131944444444444 0.09027777777777778 0.09027777777777778 
42 0.3958333333333333 0.8333333333333334 0.09027777777777778 0.09027777777777778 
104 0.8055555555555556 0.1388888888888889 0.09027777777777778 0.09027777777777778 
72 0.2638888888888889 0.8020833333333334 0.09027777777777778 0.09027777777777778 
