89 0.5243055555555556 0.7916666666666666 0.09027777777777778 0.09027777777777778 
127 0.1388888888888889 0.6284722222222222 0.09027777777777778 0.09027777777777778 
8 0.3645833333333333 0.4305555555555556 0.09027777777777778 0.09027777777777778 
48 0.5416666666666666 0.8194444444444444 0.09027777777777778 0.09027777777777778 
65 0.8680555555555556 0.3333333333333333 0.09027777777777778 0.09027777777777778 
33 0.24305555555555555 0.6736111111111112 0.09027777777777778 0.09027777777777778 
1 0.0625 0.7708333333333334 0.09027777777777778 0.09027777777777778 
157 0.9097222222222222 0.8368055555555556 0.09027777777777778 0.09027777777777778 
55 0.4479166666666667 0.4027777777777778 0.09027777777777778 0.09027777777777778 
3 0.6215277777777778 0.6840277777777778 0.09027777777777778 0.09027777777777778 
