78 0.6875 0.3159722222222222 0.09027777777777778 0.09027777777777778 
85 0.46875 0.4409722222222222 0.09027777777777778 0.09027777777777778 
37 0.3784722222222222 0.9131944444444444 0.09027777777777778 0.09027777777777778 
136 0.4756944444444444 0.8402777777777778 0.09027777777777778 0.09027777777777778 
129 0.1597222222222222 0.2569444444444444 0.09027777777777778 0.09027777777777778 
50 0.1875 0.8159722222222222 0.09027777777777778 0.09027777777777778 
72 0.09027777777777778 0.8958333333333334 0.09027777777777778 0.09027777777777778 
38 0.6944444444444444 0.7569444444444444 0.09027777777777778 0.09027777777777778 
50 0.34375 0.8576388888888888 0.09027777777777778 0.09027777777777778 
76 0.2881944444444444 0.2465277777777778 0.09027777777777778 0.09027777777777778 
