157 0.7604166666666666 0.3472222222222222 0.09027777777777778 0.09027777777777778 
43 0.23958333333333334 0.6284722222222222 0.09027777777777778 0.09027777777777778 
129 0.04513888888888889 0.9131944444444444 0.09027777777777778 0.09027777777777778 
93 0.9236111111111112 0.7222222222222222 0.09027777777777778 0.09027777777777778 
11 0.3055555555555556 0.2673611111111111 0.09027777777777778 0.09027777777777778 
0 0.8645833333333334 0.20833333333333334 0.09027777777777778 0.09027777777777778 
74 0.17708333333333334 0.6527777777777778 0.09027777777777778 0.09027777777777778 
152 0.5069444444444444 0.7222222222222222 0.09027777777777778 0.09027777777777778 
148 0.2361111111111111 0.3055555555555556 0.09027777777777778 0.09027777777777778 
137 0.3472222222222222 0.5659722222222222 0.09027777777777778 0.09027777777777778 
