22 0.2222222222222222 0.2534722222222222 0.09027777777777778 0.09027777777777778 
18 0.2465277777777778 0.08333333333333333 0.09027777777777778 0.09027777777777778 
53 0.7361111111111112 0.8333333333333334 0.09027777777777778 0.09027777777777778 
105 0.8090277777777778 0.7777777777777778 0.09027777777777778 0.09027777777777778 
145 0.4826388888888889 0.8402777777777778 0.09027777777777778 0.09027777777777778 
115 0.2222222222222222 0.2881944444444444 0.09027777777777778 0.09027777777777778 
70 0.6354166666666666 0.9375 0.09027777777777778 0.09027777777777778 
77 0.53125 0.90625 0.09027777777777778 0.09027777777777778 
62 0.8506944444444444 0.7222222222222222 0.09027777777777778 0.09027777777777778 
104 0.8125 0.3402777777777778 0.09027777777777778 0.09027777777777778 
