119 0.46875 0.5625 0.09027777777777778 0.09027777777777778 
101 0.8020833333333334 0.7604166666666666 0.09027777777777778 0.09027777777777778 
95 0.3715277777777778 0.13541666666666666 0.09027777777777778 0.09027777777777778 
125 0.9236111111111112 0.5 0.09027777777777778 0.09027777777777778 
109 0.7291666666666666 0.6180555555555556 0.09027777777777778 0.09027777777777778 
41 0.9340277777777778 0.1111111111111111 0.09027777777777778 0.09027777777777778 
18 0.19444444444444445 0.1875 0.09027777777777778 0.09027777777777778 
132 0.6527777777777778 0.6736111111111112 0.09027777777777778 0.09027777777777778 
6 0.4270833333333333 0.2361111111111111 0.09027777777777778 0.09027777777777778 
83 0.6041666666666666 0.2638888888888889 0.09027777777777778 0.09027777777777778 
