58 0.7048611111111112 0.3368055555555556 0.09027777777777778 0.09027777777777778 
40 0.4548611111111111 0.5277777777777778 0.09027777777777778 0.09027777777777778 
39 0.6145833333333334 0.5034722222222222 0.09027777777777778 0.09027777777777778 
84 0.8055555555555556 0.2361111111111111 0.09027777777777778 0.09027777777777778 
101 0.1423611111111111 0.17708333333333334 0.09027777777777778 0.09027777777777778 
102 0.6041666666666666 0.8576388888888888 0.09027777777777778 0.09027777777777778 
54 0.3506944444444444 0.53125 0.09027777777777778 0.09027777777777778 
71 0.9409722222222222 0.6284722222222222 0.09027777777777778 0.09027777777777778 
102 0.9097222222222222 0.3090277777777778 0.09027777777777778 0.09027777777777778 
26 0.4340277777777778 0.08680555555555555 0.09027777777777778 0.09027777777777778 
