8 0.8680555555555556 0.7430555555555556 0.09027777777777778 0.09027777777777778 
83 0.6388888888888888 0.2222222222222222 0.09027777777777778 0.09027777777777778 
53 0.2777777777777778 0.7013888888888888 0.09027777777777778 0.09027777777777778 
136 0.3645833333333333 0.7395833333333334 0.09027777777777778 0.09027777777777778 
111 0.4930555555555556 0.9236111111111112 0.09027777777777778 0.09027777777777778 
119 0.5798611111111112 0.2048611111111111 0.09027777777777778 0.09027777777777778 
93 0.3125 0.9270833333333334 0.09027777777777778 0.09027777777777778 
141 0.5486111111111112 0.4027777777777778 0.09027777777777778 0.09027777777777778 
45 0.6319444444444444 0.0763888888888889 0.09027777777777778 0.09027777777777778 
138 0.10069444444444445 0.2048611111111111 0.09027777777777778 0.09027777777777778 
