86 0.2326388888888889 0.34375 0.09027777777777778 0.09027777777777778 
108 0.1527777777777778 0.13541666666666666 0.09027777777777778 0.09027777777777778 
101 0.7430555555555556 0.3090277777777778 0.09027777777777778 0.09027777777777778 
83 0.4513888888888889 0.1076388888888889 0.09027777777777778 0.09027777777777778 
90 0.5798611111111112 0.8611111111111112 0.09027777777777778 0.09027777777777778 
65 0.3784722222222222 0.71875 0.09027777777777778 0.09027777777777778 
98 0.9548611111111112 0.8055555555555556 0.09027777777777778 0.09027777777777778 
128 0.7430555555555556 0.8263888888888888 0.09027777777777778 0.09027777777777778 
149 0.2569444444444444 0.2743055555555556 0.09027777777777778 0.09027777777777778 
157 0.4479166666666667 0.3472222222222222 0.09027777777777778 0.09027777777777778 
