27 0.1701388888888889 0.5243055555555556 0.09027777777777778 0.09027777777777778 
30 0.1597222222222222 0.5138888888888888 0.09027777777777778 0.09027777777777778 
0 0.3576388888888889 0.2673611111111111 0.09027777777777778 0.09027777777777778 
86 0.6006944444444444 0.65625 0.09027777777777778 0.09027777777777778 
33 0.84375 0.5972222222222222 0.09027777777777778 0.09027777777777778 
74 0.5520833333333334 0.7847222222222222 0.09027777777777778 0.09027777777777778 
134 0.7604166666666666 0.1701388888888889 0.09027777777777778 0.09027777777777778 
147 0.23958333333333334 0.052083333333333336 0.09027777777777778 0.09027777777777778 
113 0.9375 0.13194444444444445 0.09027777777777778 0.09027777777777778 
17 0.14583333333333334 0.9131944444444444 0.09027777777777778 0.09027777777777778 
