15 0.3958333333333333 0.7291666666666666 0.09027777777777778 0.09027777777777778 
63 0.5173611111111112 0.8680555555555556 0.09027777777777778 0.09027777777777778 
51 0.7638888888888888 0.4409722222222222 0.09027777777777778 0.09027777777777778 
14 0.6493055555555556 0.7291666666666666 0.09027777777777778 0.09027777777777778 
116 0.7118055555555556 0.7013888888888888 0.09027777777777778 0.09027777777777778 
26 0.3854166666666667 0.16319444444444445 0.09027777777777778 0.09027777777777778 
137 0.28125 0.4618055555555556 0.09027777777777778 0.09027777777777778 
59 0.5868055555555556 0.3298611111111111 0.09027777777777778 0.09027777777777778 
20 0.6006944444444444 0.13194444444444445 0.09027777777777778 0.09027777777777778 
73 0.2326388888888889 0.05555555555555555 0.09027777777777778 0.09027777777777778 
