105 0.3506944444444444 0.8506944444444444 0.09027777777777778 0.09027777777777778 
34 0.1736111111111111 0.04513888888888889 0.09027777777777778 0.09027777777777778 
122 0.07291666666666667 0.4722222222222222 0.09027777777777778 0.09027777777777778 
113 0.2604166666666667 0.1875 0.09027777777777778 0.09027777777777778 
122 0.75 0.3090277777777778 0.09027777777777778 0.09027777777777778 
131 0.25 0.7361111111111112 0.09027777777777778 0.09027777777777778 
71 0.65625 0.3229166666666667 0.09027777777777778 0.09027777777777778 
24 0.4166666666666667 0.1527777777777778 0.09027777777777778 0.09027777777777778 
50 0.06597222222222222 0.6631944444444444 0.09027777777777778 0.09027777777777778 
103 0.9375 0.7152777777777778 0.09027777777777778 0.09027777777777778 
