19 0.8263888888888888 0.8194444444444444 0.09027777777777778 0.09027777777777778 
49 0.8368055555555556 0.1423611111111111 0.09027777777777778 0.09027777777777778 
35 0.5659722222222222 0.8576388888888888 0.09027777777777778 0.09027777777777778 
100 0.7048611111111112 0.2951388888888889 0.09027777777777778 0.09027777777777778 
32 0.3402777777777778 0.6215277777777778 0.09027777777777778 0.09027777777777778 
144 0.0798611111111111 0.6458333333333334 0.09027777777777778 0.09027777777777778 
132 0.25 0.8298611111111112 0.09027777777777778 0.09027777777777778 
106 0.5729166666666666 0.6875 0.09027777777777778 0.09027777777777778 
73 0.10069444444444445 0.22569444444444445 0.09027777777777778 0.09027777777777778 
119 0.08333333333333333 0.5833333333333334 0.09027777777777778 0.09027777777777778 
