62 0.4652777777777778 0.5868055555555556 0.09027777777777778 0.09027777777777778 
132 0.4548611111111111 0.2986111111111111 0.09027777777777778 0.09027777777777778 
81 0.7013888888888888 0.3194444444444444 0.09027777777777778 0.09027777777777778 
54 0.7222222222222222 0.4131944444444444 0.09027777777777778 0.09027777777777778 
134 0.5451388888888888 0.8402777777777778 0.09027777777777778 0.09027777777777778 
113 0.7673611111111112 0.1527777777777778 0.09027777777777778 0.09027777777777778 
113 0.5555555555555556 0.8854166666666666 0.09027777777777778 0.09027777777777778 
125 0.6388888888888888 0.10069444444444445 0.09027777777777778 0.09027777777777778 
124 0.5243055555555556 0.28125 0.09027777777777778 0.09027777777777778 
122 0.2534722222222222 0.2708333333333333 0.09027777777777778 0.09027777777777778 
