122 0.7152777777777778 0.7222222222222222 0.09027777777777778 0.09027777777777778 
100 0.65625 0.1111111111111111 0.09027777777777778 0.09027777777777778 
62 0.3055555555555556 0.3611111111111111 0.09027777777777778 0.09027777777777778 
83 0.3159722222222222 0.18055555555555555 0.09027777777777778 0.09027777777777778 
80 0.2638888888888889 0.8229166666666666 0.09027777777777778 0.09027777777777778 
14 0.6145833333333334 0.6111111111111112 0.09027777777777778 0.09027777777777778 
106 0.14930555555555555 0.2048611111111111 0.09027777777777778 0.09027777777777778 
35 0.19444444444444445 0.20833333333333334 0.09027777777777778 0.09027777777777778 
22 0.09027777777777778 0.16666666666666666 0.09027777777777778 0.09027777777777778 
65 0.8472222222222222 0.7048611111111112 0.09027777777777778 0.09027777777777778 
