0 0.7465277777777778 0.2222222222222222 0.09027777777777778 0.09027777777777778 
74 0.8333333333333334 0.2777777777777778 0.09027777777777778 0.09027777777777778 
58 0.3854166666666667 0.06597222222222222 0.09027777777777778 0.09027777777777778 
82 0.46875 0.09027777777777778 0.09027777777777778 0.09027777777777778 
71 0.9305555555555556 0.125 0.09027777777777778 0.09027777777777778 
48 0.7916666666666666 0.7291666666666666 0.09027777777777778 0.09027777777777778 
107 0.2916666666666667 0.9305555555555556 0.09027777777777778 0.09027777777777778 
60 0.4166666666666667 0.4131944444444444 0.09027777777777778 0.09027777777777778 
39 0.7326388888888888 0.4548611111111111 0.09027777777777778 0.09027777777777778 
80 0.04861111111111111 0.06597222222222222 0.09027777777777778 0.09027777777777778 
