93 0.2534722222222222 0.6319444444444444 0.09027777777777778 0.09027777777777778 
138 0.13194444444444445 0.3784722222222222 0.09027777777777778 0.09027777777777778 
66 0.2534722222222222 0.1076388888888889 0.09027777777777778 0.09027777777777778 
60 0.6423611111111112 0.10416666666666667 0.09027777777777778 0.09027777777777778 
81 0.4444444444444444 0.7777777777777778 0.09027777777777778 0.09027777777777778 
85 0.20833333333333334 0.3090277777777778 0.09027777777777778 0.09027777777777778 
45 0.7986111111111112 0.8541666666666666 0.09027777777777778 0.09027777777777778 
82 0.5555555555555556 0.6840277777777778 0.09027777777777778 0.09027777777777778 
85 0.7152777777777778 0.5763888888888888 0.09027777777777778 0.09027777777777778 
99 0.1875 0.4618055555555556 0.09027777777777778 0.09027777777777778 
