98 0.53125 0.6354166666666666 0.09027777777777778 0.09027777777777778 
154 0.2534722222222222 0.8576388888888888 0.09027777777777778 0.09027777777777778 
128 0.5034722222222222 0.6319444444444444 0.09027777777777778 0.09027777777777778 
88 0.1875 0.2708333333333333 0.09027777777777778 0.09027777777777778 
23 0.9444444444444444 0.5486111111111112 0.09027777777777778 0.09027777777777778 
94 0.6701388888888888 0.6493055555555556 0.09027777777777778 0.09027777777777778 
99 0.3159722222222222 0.6527777777777778 0.09027777777777778 0.09027777777777778 
139 0.8680555555555556 0.10416666666666667 0.09027777777777778 0.09027777777777778 
145 0.1423611111111111 0.8298611111111112 0.09027777777777778 0.09027777777777778 
157 0.3333333333333333 0.2638888888888889 0.09027777777777778 0.09027777777777778 
