14 0.6145833333333334 0.4930555555555556 0.09027777777777778 0.09027777777777778 
9 0.5416666666666666 0.4166666666666667 0.09027777777777778 0.09027777777777778 
37 0.3159722222222222 0.5277777777777778 0.09027777777777778 0.09027777777777778 
127 0.8020833333333334 0.5763888888888888 0.09027777777777778 0.09027777777777778 
107 0.7291666666666666 0.12152777777777778 0.09027777777777778 0.09027777777777778 
135 0.18055555555555555 0.8854166666666666 0.09027777777777778 0.09027777777777778 
28 0.16319444444444445 0.7708333333333334 0.09027777777777778 0.09027777777777778 
82 0.6631944444444444 0.5347222222222222 0.09027777777777778 0.09027777777777778 
105 0.6354166666666666 0.3402777777777778 0.09027777777777778 0.09027777777777778 
152 0.1840277777777778 0.8020833333333334 0.09027777777777778 0.09027777777777778 
