47 0.7083333333333334 0.4097222222222222 0.09027777777777778 0.09027777777777778 
0 0.7638888888888888 0.4340277777777778 0.09027777777777778 0.09027777777777778 
12 0.4756944444444444 0.3333333333333333 0.09027777777777778 0.09027777777777778 
21 0.10416666666666667 0.0798611111111111 0.09027777777777778 0.09027777777777778 
125 0.3125 0.5416666666666666 0.09027777777777778 0.09027777777777778 
66 0.5659722222222222 0.19791666666666666 0.09027777777777778 0.09027777777777778 
6 0.9409722222222222 0.3298611111111111 0.09027777777777778 0.09027777777777778 
43 0.1736111111111111 0.1111111111111111 0.09027777777777778 0.09027777777777778 
42 0.1111111111111111 0.75 0.09027777777777778 0.09027777777777778 
117 0.8888888888888888 0.8229166666666666 0.09027777777777778 0.09027777777777778 
