98 0.6111111111111112 0.6041666666666666 0.09027777777777778 0.09027777777777778 
43 0.6736111111111112 0.8020833333333334 0.09027777777777778 0.09027777777777778 
149 0.3263888888888889 0.90625 0.09027777777777778 0.09027777777777778 
37 0.6770833333333334 0.09027777777777778 0.09027777777777778 0.09027777777777778 
70 0.5277777777777778 0.2951388888888889 0.09027777777777778 0.09027777777777778 
4 0.9131944444444444 0.125 0.09027777777777778 0.09027777777777778 
152 0.5625 0.13541666666666666 0.09027777777777778 0.09027777777777778 
122 0.8020833333333334 0.4201388888888889 0.09027777777777778 0.09027777777777778 
46 0.6076388888888888 0.5972222222222222 0.09027777777777778 0.09027777777777778 
150 0.5208333333333334 0.4305555555555556 0.09027777777777778 0.09027777777777778 
