151 0.7673611111111112 0.5868055555555556 0.09027777777777778 0.09027777777777778 
84 0.6354166666666666 0.4548611111111111 0.09027777777777778 0.09027777777777778 
156 0.6631944444444444 0.0625 0.09027777777777778 0.09027777777777778 
57 0.5972222222222222 0.1597222222222222 0.09027777777777778 0.09027777777777778 
27 0.14930555555555555 0.53125 0.09027777777777778 0.09027777777777778 
129 0.6840277777777778 0.8611111111111112 0.09027777777777778 0.09027777777777778 
92 0.06597222222222222 0.2465277777777778 0.09027777777777778 0.09027777777777778 
153 0.9201388888888888 0.6284722222222222 0.09027777777777778 0.09027777777777778 
120 0.6597222222222222 0.4305555555555556 0.09027777777777778 0.09027777777777778 
109 0.5069444444444444 0.5625 0.09027777777777778 0.09027777777777778 
