110 0.3368055555555556 0.6701388888888888 0.09027777777777778 0.09027777777777778 
82 0.5972222222222222 0.2048611111111111 0.09027777777777778 0.09027777777777778 
148 0.71875 0.2361111111111111 0.09027777777777778 0.09027777777777778 
42 0.6701388888888888 0.2673611111111111 0.09027777777777778 0.09027777777777778 
124 0.7118055555555556 0.2673611111111111 0.09027777777777778 0.09027777777777778 
46 0.6909722222222222 0.7118055555555556 0.09027777777777778 0.09027777777777778 
142 0.20833333333333334 0.2951388888888889 0.09027777777777778 0.09027777777777778 
108 0.2638888888888889 0.7881944444444444 0.09027777777777778 0.09027777777777778 
131 0.3611111111111111 0.6909722222222222 0.09027777777777778 0.09027777777777778 
93 0.9166666666666666 0.06597222222222222 0.09027777777777778 0.09027777777777778 
