82 0.4166666666666667 0.4861111111111111 0.09027777777777778 0.09027777777777778 
152 0.5069444444444444 0.7256944444444444 0.09027777777777778 0.09027777777777778 
143 0.375 0.3958333333333333 0.09027777777777778 0.09027777777777778 
35 0.2326388888888889 0.2881944444444444 0.09027777777777778 0.09027777777777778 
84 0.6979166666666666 0.2777777777777778 0.09027777777777778 0.09027777777777778 
73 0.7465277777777778 0.7152777777777778 0.09027777777777778 0.09027777777777778 
154 0.4270833333333333 0.3194444444444444 0.09027777777777778 0.09027777777777778 
9 0.1875 0.2361111111111111 0.09027777777777778 0.09027777777777778 
24 0.06944444444444445 0.8958333333333334 0.09027777777777778 0.09027777777777778 
64 0.08680555555555555 0.5208333333333334 0.09027777777777778 0.09027777777777778 
