139 0.7881944444444444 0.7465277777777778 0.09027777777777778 0.09027777777777778 
147 0.13541666666666666 0.11458333333333333 0.09027777777777778 0.09027777777777778 
41 0.8819444444444444 0.8888888888888888 0.09027777777777778 0.09027777777777778 
59 0.8784722222222222 0.2326388888888889 0.09027777777777778 0.09027777777777778 
86 0.13541666666666666 0.4375 0.09027777777777778 0.09027777777777778 
7 0.3090277777777778 0.1076388888888889 0.09027777777777778 0.09027777777777778 
2 0.6736111111111112 0.4166666666666667 0.09027777777777778 0.09027777777777778 
19 0.59375 0.1736111111111111 0.09027777777777778 0.09027777777777778 
118 0.4965277777777778 0.9444444444444444 0.09027777777777778 0.09027777777777778 
49 0.3715277777777778 0.18055555555555555 0.09027777777777778 0.09027777777777778 
