30 0.5902777777777778 0.6076388888888888 0.09027777777777778 0.09027777777777778 
111 0.22569444444444445 0.6631944444444444 0.09027777777777778 0.09027777777777778 
101 0.53125 0.2326388888888889 0.09027777777777778 0.09027777777777778 
141 0.3298611111111111 0.8819444444444444 0.09027777777777778 0.09027777777777778 
52 0.4131944444444444 0.4895833333333333 0.09027777777777778 0.09027777777777778 
154 0.90625 0.8680555555555556 0.09027777777777778 0.09027777777777778 
51 0.13194444444444445 0.7986111111111112 0.09027777777777778 0.09027777777777778 
101 0.7569444444444444 0.4444444444444444 0.09027777777777778 0.09027777777777778 
30 0.10069444444444445 0.40625 0.09027777777777778 0.09027777777777778 
79 0.1597222222222222 0.7048611111111112 0.09027777777777778 0.09027777777777778 
