102 0.8541666666666666 0.2326388888888889 0.09027777777777778 0.09027777777777778 
47 0.7569444444444444 0.8611111111111112 0.09027777777777778 0.09027777777777778 
116 0.6979166666666666 0.3263888888888889 0.09027777777777778 0.09027777777777778 
137 0.3368055555555556 0.3888888888888889 0.09027777777777778 0.09027777777777778 
148 0.21180555555555555 0.09027777777777778 0.09027777777777778 0.09027777777777778 
58 0.09722222222222222 0.7534722222222222 0.09027777777777778 0.09027777777777778 
13 0.7361111111111112 0.8020833333333334 0.09027777777777778 0.09027777777777778 
8 0.4409722222222222 0.0798611111111111 0.09027777777777778 0.09027777777777778 
16 0.3506944444444444 0.6701388888888888 0.09027777777777778 0.09027777777777778 
60 0.6388888888888888 0.3229166666666667 0.09027777777777778 0.09027777777777778 
