18 0.5659722222222222 0.8055555555555556 0.09027777777777778 0.09027777777777778 
104 0.7708333333333334 0.5763888888888888 0.09027777777777778 0.09027777777777778 
132 0.5590277777777778 0.8402777777777778 0.09027777777777778 0.09027777777777778 
119 0.4965277777777778 0.13541666666666666 0.09027777777777778 0.09027777777777778 
157 0.11805555555555555 0.7222222222222222 0.09027777777777778 0.09027777777777778 
111 0.4652777777777778 0.6979166666666666 0.09027777777777778 0.09027777777777778 
50 0.7083333333333334 0.5416666666666666 0.09027777777777778 0.09027777777777778 
82 0.7569444444444444 0.84375 0.09027777777777778 0.09027777777777778 
53 0.7708333333333334 0.40625 0.09027777777777778 0.09027777777777778 
33 0.7673611111111112 0.5694444444444444 0.09027777777777778 0.09027777777777778 
