115 0.3819444444444444 0.5451388888888888 0.09027777777777778 0.09027777777777778 
137 0.3958333333333333 0.4375 0.09027777777777778 0.09027777777777778 
130 0.59375 0.6944444444444444 0.09027777777777778 0.09027777777777778 
84 0.9305555555555556 0.4375 0.09027777777777778 0.09027777777777778 
73 0.6909722222222222 0.3125 0.09027777777777778 0.09027777777777778 
154 0.6909722222222222 0.1597222222222222 0.09027777777777778 0.09027777777777778 
14 0.1284722222222222 0.10069444444444445 0.09027777777777778 0.09027777777777778 
44 0.3402777777777778 0.875 0.09027777777777778 0.09027777777777778 
74 0.8958333333333334 0.3055555555555556 0.09027777777777778 0.09027777777777778 
21 0.4027777777777778 0.7361111111111112 0.09027777777777778 0.09027777777777778 
