63 0.5451388888888888 0.4027777777777778 0.09027777777777778 0.09027777777777778 
117 0.5798611111111112 0.84375 0.09027777777777778 0.09027777777777778 
96 0.6319444444444444 0.8402777777777778 0.09027777777777778 0.09027777777777778 
43 0.4513888888888889 0.875 0.09027777777777778 0.09027777777777778 
66 0.7986111111111112 0.6354166666666666 0.09027777777777778 0.09027777777777778 
122 0.7048611111111112 0.20833333333333334 0.09027777777777778 0.09027777777777778 
42 0.375 0.2604166666666667 0.09027777777777778 0.09027777777777778 
118 0.5034722222222222 0.4513888888888889 0.09027777777777778 0.09027777777777778 
152 0.9027777777777778 0.7951388888888888 0.09027777777777778 0.09027777777777778 
28 0.5590277777777778 0.21875 0.09027777777777778 0.09027777777777778 
