118 0.6423611111111112 0.5034722222222222 0.09027777777777778 0.09027777777777778 
156 0.1111111111111111 0.5138888888888888 0.09027777777777778 0.09027777777777778 
103 0.1111111111111111 0.3576388888888889 0.09027777777777778 0.09027777777777778 
58 0.5104166666666666 0.6840277777777778 0.09027777777777778 0.09027777777777778 
56 0.5277777777777778 0.6076388888888888 0.09027777777777778 0.09027777777777778 
67 0.8055555555555556 0.5451388888888888 0.09027777777777778 0.09027777777777778 
109 0.7638888888888888 0.28125 0.09027777777777778 0.09027777777777778 
132 0.8888888888888888 0.2708333333333333 0.09027777777777778 0.09027777777777778 
20 0.7152777777777778 0.2465277777777778 0.09027777777777778 0.09027777777777778 
26 0.8854166666666666 0.3541666666666667 0.09027777777777778 0.09027777777777778 
