73 0.7222222222222222 0.6909722222222222 0.09027777777777778 0.09027777777777778 
10 0.8993055555555556 0.8645833333333334 0.09027777777777778 0.09027777777777778 
31 0.7326388888888888 0.6284722222222222 0.09027777777777778 0.09027777777777778 
108 0.7604166666666666 0.4722222222222222 0.09027777777777778 0.09027777777777778 
45 0.5034722222222222 0.6006944444444444 0.09027777777777778 0.09027777777777778 
96 0.2916666666666667 0.6354166666666666 0.09027777777777778 0.09027777777777778 
138 0.8194444444444444 0.06944444444444445 0.09027777777777778 0.09027777777777778 
75 0.8229166666666666 0.06944444444444445 0.09027777777777778 0.09027777777777778 
8 0.0763888888888889 0.5104166666666666 0.09027777777777778 0.09027777777777778 
35 0.4513888888888889 0.9409722222222222 0.09027777777777778 0.09027777777777778 
