121 0.0763888888888889 0.8576388888888888 0.09027777777777778 0.09027777777777778 
121 0.2986111111111111 0.9375 0.09027777777777778 0.09027777777777778 
58 0.3680555555555556 0.05555555555555555 0.09027777777777778 0.09027777777777778 
93 0.5243055555555556 0.5763888888888888 0.09027777777777778 0.09027777777777778 
18 0.1527777777777778 0.3854166666666667 0.09027777777777778 0.09027777777777778 
127 0.5659722222222222 0.7916666666666666 0.09027777777777778 0.09027777777777778 
132 0.5208333333333334 0.4965277777777778 0.09027777777777778 0.09027777777777778 
148 0.5902777777777778 0.20833333333333334 0.09027777777777778 0.09027777777777778 
125 0.052083333333333336 0.5972222222222222 0.09027777777777778 0.09027777777777778 
64 0.0798611111111111 0.8229166666666666 0.09027777777777778 0.09027777777777778 
