21 0.9479166666666666 0.09722222222222222 0.09027777777777778 0.09027777777777778 
46 0.059027777777777776 0.11805555555555555 0.09027777777777778 0.09027777777777778 
83 0.6006944444444444 0.1701388888888889 0.09027777777777778 0.09027777777777778 
3 0.3090277777777778 0.11458333333333333 0.09027777777777778 0.09027777777777778 
29 0.4375 0.40625 0.09027777777777778 0.09027777777777778 
94 0.9479166666666666 0.6215277777777778 0.09027777777777778 0.09027777777777778 
68 0.9270833333333334 0.7916666666666666 0.09027777777777778 0.09027777777777778 
119 0.5381944444444444 0.6076388888888888 0.09027777777777778 0.09027777777777778 
77 0.9548611111111112 0.4722222222222222 0.09027777777777778 0.09027777777777778 
88 0.7569444444444444 0.7569444444444444 0.09027777777777778 0.09027777777777778 
