17 0.6076388888888888 0.3402777777777778 0.09027777777777778 0.09027777777777778 
157 0.4444444444444444 0.5034722222222222 0.09027777777777778 0.09027777777777778 
9 0.9340277777777778 0.46875 0.09027777777777778 0.09027777777777778 
19 0.7534722222222222 0.3645833333333333 0.09027777777777778 0.09027777777777778 
114 0.3506944444444444 0.46875 0.09027777777777778 0.09027777777777778 
103 0.75 0.2986111111111111 0.09027777777777778 0.09027777777777778 
55 0.46875 0.6701388888888888 0.09027777777777778 0.09027777777777778 
35 0.8645833333333334 0.4652777777777778 0.09027777777777778 0.09027777777777778 
74 0.84375 0.05555555555555555 0.09027777777777778 0.09027777777777778 
67 0.5104166666666666 0.2881944444444444 0.09027777777777778 0.09027777777777778 
