140 0.4583333333333333 0.5173611111111112 0.09027777777777778 0.09027777777777778 
5 0.8055555555555556 0.2013888888888889 0.09027777777777778 0.09027777777777778 
128 0.7361111111111112 0.09375 0.09027777777777778 0.09027777777777778 
43 0.2847222222222222 0.8680555555555556 0.09027777777777778 0.09027777777777778 
87 0.3020833333333333 0.6527777777777778 0.09027777777777778 0.09027777777777778 
118 0.24305555555555555 0.1423611111111111 0.09027777777777778 0.09027777777777778 
38 0.2604166666666667 0.4166666666666667 0.09027777777777778 0.09027777777777778 
129 0.5972222222222222 0.14930555555555555 0.09027777777777778 0.09027777777777778 
75 0.7604166666666666 0.8090277777777778 0.09027777777777778 0.09027777777777778 
156 0.1701388888888889 0.9097222222222222 0.09027777777777778 0.09027777777777778 
