59 0.8854166666666666 0.4861111111111111 0.09027777777777778 0.09027777777777778 
156 0.2534722222222222 0.06597222222222222 0.09027777777777778 0.09027777777777778 
43 0.4375 0.7256944444444444 0.09027777777777778 0.09027777777777778 
29 0.1597222222222222 0.2916666666666667 0.09027777777777778 0.09027777777777778 
100 0.8715277777777778 0.5763888888888888 0.09027777777777778 0.09027777777777778 
25 0.8506944444444444 0.2881944444444444 0.09027777777777778 0.09027777777777778 
149 0.11458333333333333 0.8506944444444444 0.09027777777777778 0.09027777777777778 
59 0.3159722222222222 0.8611111111111112 0.09027777777777778 0.09027777777777778 
58 0.22916666666666666 0.1076388888888889 0.09027777777777778 0.09027777777777778 
44 0.46875 0.08680555555555555 0.09027777777777778 0.09027777777777778 
