37 0.18055555555555555 0.4340277777777778 0.09027777777777778 0.09027777777777778 
9 0.1701388888888889 0.14583333333333334 0.09027777777777778 0.09027777777777778 
78 0.75 0.1284722222222222 0.09027777777777778 0.09027777777777778 
112 0.14930555555555555 0.4409722222222222 0.09027777777777778 0.09027777777777778 
146 0.5243055555555556 0.09375 0.09027777777777778 0.09027777777777778 
153 0.6180555555555556 0.6527777777777778 0.09027777777777778 0.09027777777777778 
90 0.1423611111111111 0.6805555555555556 0.09027777777777778 0.09027777777777778 
11 0.5173611111111112 0.5902777777777778 0.09027777777777778 0.09027777777777778 
147 0.8854166666666666 0.3576388888888889 0.09027777777777778 0.09027777777777778 
14 0.17708333333333334 0.25 0.09027777777777778 0.09027777777777778 
