91 0.9444444444444444 0.8194444444444444 0.09027777777777778 0.09027777777777778 
131 0.8229166666666666 0.1284722222222222 0.09027777777777778 0.09027777777777778 
54 0.1388888888888889 0.3055555555555556 0.09027777777777778 0.09027777777777778 
68 0.3611111111111111 0.7638888888888888 0.09027777777777778 0.09027777777777778 
110 0.2604166666666667 0.6284722222222222 0.09027777777777778 0.09027777777777778 
86 0.6631944444444444 0.11458333333333333 0.09027777777777778 0.09027777777777778 
82 0.3506944444444444 0.7395833333333334 0.09027777777777778 0.09027777777777778 
121 0.2152777777777778 0.6284722222222222 0.09027777777777778 0.09027777777777778 
107 0.1527777777777778 0.5694444444444444 0.09027777777777778 0.09027777777777778 
36 0.2534722222222222 0.84375 0.09027777777777778 0.09027777777777778 
