127 0.2777777777777778 0.1388888888888889 0.09027777777777778 0.09027777777777778 
77 0.1527777777777778 0.17708333333333334 0.09027777777777778 0.09027777777777778 
147 0.71875 0.2673611111111111 0.09027777777777778 0.09027777777777778 
86 0.9166666666666666 0.2881944444444444 0.09027777777777778 0.09027777777777778 
152 0.7847222222222222 0.3541666666666667 0.09027777777777778 0.09027777777777778 
133 0.3194444444444444 0.3611111111111111 0.09027777777777778 0.09027777777777778 
76 0.4652777777777778 0.5798611111111112 0.09027777777777778 0.09027777777777778 
56 0.7777777777777778 0.7673611111111112 0.09027777777777778 0.09027777777777778 
50 0.5763888888888888 0.4236111111111111 0.09027777777777778 0.09027777777777778 
140 0.14583333333333334 0.0625 0.09027777777777778 0.09027777777777778 
