58 0.7465277777777778 0.3541666666666667 0.09027777777777778 0.09027777777777778 
67 0.052083333333333336 0.6423611111111112 0.09027777777777778 0.09027777777777778 
71 0.7118055555555556 0.8090277777777778 0.09027777777777778 0.09027777777777778 
3 0.4756944444444444 0.4131944444444444 0.09027777777777778 0.09027777777777778 
31 0.21875 0.4479166666666667 0.09027777777777778 0.09027777777777778 
129 0.5555555555555556 0.7604166666666666 0.09027777777777778 0.09027777777777778 
62 0.4722222222222222 0.5590277777777778 0.09027777777777778 0.09027777777777778 
91 0.8229166666666666 0.3472222222222222 0.09027777777777778 0.09027777777777778 
151 0.11805555555555555 0.10416666666666667 0.09027777777777778 0.09027777777777778 
20 0.6493055555555556 0.40625 0.09027777777777778 0.09027777777777778 
