41 0.22916666666666666 0.11458333333333333 0.09027777777777778 0.09027777777777778 
59 0.2847222222222222 0.1423611111111111 0.09027777777777778 0.09027777777777778 
118 0.11458333333333333 0.7430555555555556 0.09027777777777778 0.09027777777777778 
77 0.4375 0.6458333333333334 0.09027777777777778 0.09027777777777778 
14 0.5277777777777778 0.6493055555555556 0.09027777777777778 0.09027777777777778 
12 0.4027777777777778 0.19791666666666666 0.09027777777777778 0.09027777777777778 
7 0.09375 0.9270833333333334 0.09027777777777778 0.09027777777777778 
22 0.125 0.3541666666666667 0.09027777777777778 0.09027777777777778 
71 0.5833333333333334 0.2361111111111111 0.09027777777777778 0.09027777777777778 
45 0.7673611111111112 0.9513888888888888 0.09027777777777778 0.09027777777777778 
