57 0.3055555555555556 0.6493055555555556 0.09027777777777778 0.09027777777777778 
127 0.05555555555555555 0.5729166666666666 0.09027777777777778 0.09027777777777778 
63 0.5381944444444444 0.78125 0.09027777777777778 0.09027777777777778 
53 0.1875 0.3090277777777778 0.09027777777777778 0.09027777777777778 
67 0.8923611111111112 0.5555555555555556 0.09027777777777778 0.09027777777777778 
27 0.1701388888888889 0.09027777777777778 0.09027777777777778 0.09027777777777778 
34 0.5138888888888888 0.06944444444444445 0.09027777777777778 0.09027777777777778 
94 0.3368055555555556 0.7465277777777778 0.09027777777777778 0.09027777777777778 
20 0.5833333333333334 0.5798611111111112 0.09027777777777778 0.09027777777777778 
33 0.06597222222222222 0.4826388888888889 0.09027777777777778 0.09027777777777778 
