50 0.2881944444444444 0.7326388888888888 0.09027777777777778 0.09027777777777778 
100 0.7881944444444444 0.4548611111111111 0.09027777777777778 0.09027777777777778 
8 0.13194444444444445 0.4583333333333333 0.09027777777777778 0.09027777777777778 
0 0.8402777777777778 0.3819444444444444 0.09027777777777778 0.09027777777777778 
102 0.9409722222222222 0.8263888888888888 0.09027777777777778 0.09027777777777778 
148 0.625 0.6041666666666666 0.09027777777777778 0.09027777777777778 
90 0.3368055555555556 0.8784722222222222 0.09027777777777778 0.09027777777777778 
33 0.6875 0.3194444444444444 0.09027777777777778 0.09027777777777778 
18 0.5798611111111112 0.2361111111111111 0.09027777777777778 0.09027777777777778 
101 0.0763888888888889 0.5833333333333334 0.09027777777777778 0.09027777777777778 
