133 0.4305555555555556 0.71875 0.09027777777777778 0.09027777777777778 
119 0.9305555555555556 0.6944444444444444 0.09027777777777778 0.09027777777777778 
52 0.5416666666666666 0.9340277777777778 0.09027777777777778 0.09027777777777778 
27 0.2604166666666667 0.5590277777777778 0.09027777777777778 0.09027777777777778 
74 0.5243055555555556 0.2986111111111111 0.09027777777777778 0.09027777777777778 
107 0.8819444444444444 0.2326388888888889 0.09027777777777778 0.09027777777777778 
61 0.8125 0.6041666666666666 0.09027777777777778 0.09027777777777778 
103 0.4756944444444444 0.8090277777777778 0.09027777777777778 0.09027777777777778 
138 0.65625 0.7118055555555556 0.09027777777777778 0.09027777777777778 
66 0.9409722222222222 0.7916666666666666 0.09027777777777778 0.09027777777777778 
