142 0.9479166666666666 0.6354166666666666 0.09027777777777778 0.09027777777777778 
138 0.8368055555555556 0.19444444444444445 0.09027777777777778 0.09027777777777778 
31 0.3541666666666667 0.6875 0.09027777777777778 0.09027777777777778 
0 0.2986111111111111 0.4965277777777778 0.09027777777777778 0.09027777777777778 
28 0.6493055555555556 0.5729166666666666 0.09027777777777778 0.09027777777777778 
22 0.9201388888888888 0.5694444444444444 0.09027777777777778 0.09027777777777778 
134 0.1076388888888889 0.1388888888888889 0.09027777777777778 0.09027777777777778 
135 0.2326388888888889 0.125 0.09027777777777778 0.09027777777777778 
134 0.5729166666666666 0.2013888888888889 0.09027777777777778 0.09027777777777778 
32 0.875 0.22569444444444445 0.09027777777777778 0.09027777777777778 
