111 0.7361111111111112 0.5555555555555556 0.09027777777777778 0.09027777777777778 
118 0.05555555555555555 0.1909722222222222 0.09027777777777778 0.09027777777777778 
81 0.7534722222222222 0.40625 0.09027777777777778 0.09027777777777778 
108 0.5694444444444444 0.21875 0.09027777777777778 0.09027777777777778 
67 0.2638888888888889 0.8055555555555556 0.09027777777777778 0.09027777777777778 
47 0.65625 0.07291666666666667 0.09027777777777778 0.09027777777777778 
6 0.5798611111111112 0.08333333333333333 0.09027777777777778 0.09027777777777778 
106 0.08333333333333333 0.9444444444444444 0.09027777777777778 0.09027777777777778 
85 0.7430555555555556 0.7361111111111112 0.09027777777777778 0.09027777777777778 
140 0.2534722222222222 0.8020833333333334 0.09027777777777778 0.09027777777777778 
