83 0.3645833333333333 0.6805555555555556 0.09027777777777778 0.09027777777777778 
131 0.1597222222222222 0.4722222222222222 0.09027777777777778 0.09027777777777778 
105 0.8298611111111112 0.5173611111111112 0.09027777777777778 0.09027777777777778 
37 0.7013888888888888 0.4895833333333333 0.09027777777777778 0.09027777777777778 
120 0.4270833333333333 0.0763888888888889 0.09027777777777778 0.09027777777777778 
86 0.6180555555555556 0.4027777777777778 0.09027777777777778 0.09027777777777778 
8 0.9340277777777778 0.5347222222222222 0.09027777777777778 0.09027777777777778 
3 0.6284722222222222 0.7048611111111112 0.09027777777777778 0.09027777777777778 
108 0.14930555555555555 0.2847222222222222 0.09027777777777778 0.09027777777777778 
97 0.052083333333333336 0.5833333333333334 0.09027777777777778 0.09027777777777778 
