25 0.8159722222222222 0.5729166666666666 0.09027777777777778 0.09027777777777778 
142 0.22916666666666666 0.4826388888888889 0.09027777777777778 0.09027777777777778 
27 0.6076388888888888 0.7638888888888888 0.09027777777777778 0.09027777777777778 
75 0.11805555555555555 0.3402777777777778 0.09027777777777778 0.09027777777777778 
139 0.3472222222222222 0.1388888888888889 0.09027777777777778 0.09027777777777778 
89 0.4930555555555556 0.6458333333333334 0.09027777777777778 0.09027777777777778 
156 0.20833333333333334 0.7013888888888888 0.09027777777777778 0.09027777777777778 
100 0.3402777777777778 0.5798611111111112 0.09027777777777778 0.09027777777777778 
143 0.5833333333333334 0.8194444444444444 0.09027777777777778 0.09027777777777778 
76 0.9097222222222222 0.1701388888888889 0.09027777777777778 0.09027777777777778 
