106 0.8333333333333334 0.14583333333333334 0.09027777777777778 0.09027777777777778 
91 0.46875 0.21180555555555555 0.09027777777777778 0.09027777777777778 
11 0.3472222222222222 0.90625 0.09027777777777778 0.09027777777777778 
135 0.7847222222222222 0.09027777777777778 0.09027777777777778 0.09027777777777778 
59 0.4826388888888889 0.5972222222222222 0.09027777777777778 0.09027777777777778 
27 0.052083333333333336 0.2847222222222222 0.09027777777777778 0.09027777777777778 
76 0.08680555555555555 0.15625 0.09027777777777778 0.09027777777777778 
151 0.6145833333333334 0.3263888888888889 0.09027777777777778 0.09027777777777778 
61 0.25 0.3055555555555556 0.09027777777777778 0.09027777777777778 
157 0.3125 0.3472222222222222 0.09027777777777778 0.09027777777777778 
