131 0.3715277777777778 0.5868055555555556 0.09027777777777778 0.09027777777777778 
141 0.2881944444444444 0.84375 0.09027777777777778 0.09027777777777778 
96 0.2847222222222222 0.3923611111111111 0.09027777777777778 0.09027777777777778 
44 0.7395833333333334 0.3402777777777778 0.09027777777777778 0.09027777777777778 
152 0.5486111111111112 0.2743055555555556 0.09027777777777778 0.09027777777777778 
27 0.1076388888888889 0.2569444444444444 0.09027777777777778 0.09027777777777778 
5 0.09027777777777778 0.1076388888888889 0.09027777777777778 0.09027777777777778 
15 0.7881944444444444 0.8229166666666666 0.09027777777777778 0.09027777777777778 
136 0.46875 0.25 0.09027777777777778 0.09027777777777778 
135 0.4548611111111111 0.7222222222222222 0.09027777777777778 0.09027777777777778 
