99 0.6215277777777778 0.1388888888888889 0.09027777777777778 0.09027777777777778 
20 0.5347222222222222 0.8368055555555556 0.09027777777777778 0.09027777777777778 
86 0.20833333333333334 0.3784722222222222 0.09027777777777778 0.09027777777777778 
126 0.8159722222222222 0.8402777777777778 0.09027777777777778 0.09027777777777778 
58 0.7326388888888888 0.6006944444444444 0.09027777777777778 0.09027777777777778 
144 0.3854166666666667 0.3715277777777778 0.09027777777777778 0.09027777777777778 
48 0.6979166666666666 0.05555555555555555 0.09027777777777778 0.09027777777777778 
52 0.7361111111111112 0.7465277777777778 0.09027777777777778 0.09027777777777778 
22 0.1076388888888889 0.9166666666666666 0.09027777777777778 0.09027777777777778 
144 0.08680555555555555 0.7048611111111112 0.09027777777777778 0.09027777777777778 
