60 0.10069444444444445 0.9131944444444444 0.09027777777777778 0.09027777777777778 
91 0.3854166666666667 0.3854166666666667 0.09027777777777778 0.09027777777777778 
45 0.3090277777777778 0.4618055555555556 0.09027777777777778 0.09027777777777778 
145 0.5486111111111112 0.3784722222222222 0.09027777777777778 0.09027777777777778 
133 0.8090277777777778 0.4097222222222222 0.09027777777777778 0.09027777777777778 
156 0.11805555555555555 0.65625 0.09027777777777778 0.09027777777777778 
138 0.3159722222222222 0.6701388888888888 0.09027777777777778 0.09027777777777778 
70 0.9270833333333334 0.5208333333333334 0.09027777777777778 0.09027777777777778 
22 0.05555555555555555 0.46875 0.09027777777777778 0.09027777777777778 
157 0.8506944444444444 0.21180555555555555 0.09027777777777778 0.09027777777777778 
