17 0.9097222222222222 0.8576388888888888 0.09027777777777778 0.09027777777777778 
125 0.7638888888888888 0.2673611111111111 0.09027777777777778 0.09027777777777778 
35 0.20833333333333334 0.3958333333333333 0.09027777777777778 0.09027777777777778 
66 0.8541666666666666 0.8888888888888888 0.09027777777777778 0.09027777777777778 
123 0.06597222222222222 0.052083333333333336 0.09027777777777778 0.09027777777777778 
46 0.84375 0.11805555555555555 0.09027777777777778 0.09027777777777778 
133 0.4340277777777778 0.0798611111111111 0.09027777777777778 0.09027777777777778 
68 0.5486111111111112 0.4236111111111111 0.09027777777777778 0.09027777777777778 
6 0.1875 0.7222222222222222 0.09027777777777778 0.09027777777777778 
1 0.6215277777777778 0.12152777777777778 0.09027777777777778 0.09027777777777778 
