83 0.1076388888888889 0.8993055555555556 0.09027777777777778 0.09027777777777778 
79 0.125 0.9513888888888888 0.09027777777777778 0.09027777777777778 
121 0.19444444444444445 0.9548611111111112 0.09027777777777778 0.09027777777777778 
10 0.125 0.23958333333333334 0.09027777777777778 0.09027777777777778 
44 0.10416666666666667 0.8854166666666666 0.09027777777777778 0.09027777777777778 
65 0.5381944444444444 0.3020833333333333 0.09027777777777778 0.09027777777777778 
147 0.16319444444444445 0.6909722222222222 0.09027777777777778 0.09027777777777778 
35 0.84375 0.21180555555555555 0.09027777777777778 0.09027777777777778 
110 0.08680555555555555 0.7951388888888888 0.09027777777777778 0.09027777777777778 
110 0.7430555555555556 0.5243055555555556 0.09027777777777778 0.09027777777777778 
