124 0.375 0.5520833333333334 0.09027777777777778 0.09027777777777778 
140 0.9270833333333334 0.14930555555555555 0.09027777777777778 0.09027777777777778 
52 0.3020833333333333 0.22569444444444445 0.09027777777777778 0.09027777777777778 
111 0.6909722222222222 0.5659722222222222 0.09027777777777778 0.09027777777777778 
64 0.1597222222222222 0.0798611111111111 0.09027777777777778 0.09027777777777778 
155 0.5 0.19791666666666666 0.09027777777777778 0.09027777777777778 
0 0.8368055555555556 0.8645833333333334 0.09027777777777778 0.09027777777777778 
52 0.11805555555555555 0.05555555555555555 0.09027777777777778 0.09027777777777778 
75 0.3715277777777778 0.09722222222222222 0.09027777777777778 0.09027777777777778 
26 0.7951388888888888 0.46875 0.09027777777777778 0.09027777777777778 
