15 0.9548611111111112 0.5729166666666666 0.09027777777777778 0.09027777777777778 
28 0.3159722222222222 0.2743055555555556 0.09027777777777778 0.09027777777777778 
83 0.9409722222222222 0.9131944444444444 0.09027777777777778 0.09027777777777778 
55 0.46875 0.7638888888888888 0.09027777777777778 0.09027777777777778 
139 0.3888888888888889 0.5694444444444444 0.09027777777777778 0.09027777777777778 
138 0.8715277777777778 0.6631944444444444 0.09027777777777778 0.09027777777777778 
39 0.2708333333333333 0.1840277777777778 0.09027777777777778 0.09027777777777778 
101 0.125 0.8784722222222222 0.09027777777777778 0.09027777777777778 
28 0.6875 0.8888888888888888 0.09027777777777778 0.09027777777777778 
9 0.6909722222222222 0.1875 0.09027777777777778 0.09027777777777778 
