74 0.08333333333333333 0.5104166666666666 0.09027777777777778 0.09027777777777778 
89 0.3055555555555556 0.6527777777777778 0.09027777777777778 0.09027777777777778 
82 0.1076388888888889 0.5243055555555556 0.09027777777777778 0.09027777777777778 
107 0.9479166666666666 0.8611111111111112 0.09027777777777778 0.09027777777777778 
142 0.34375 0.4895833333333333 0.09027777777777778 0.09027777777777778 
47 0.04513888888888889 0.6319444444444444 0.09027777777777778 0.09027777777777778 
108 0.08333333333333333 0.052083333333333336 0.09027777777777778 0.09027777777777778 
75 0.0798611111111111 0.0798611111111111 0.09027777777777778 0.09027777777777778 
132 0.2152777777777778 0.7569444444444444 0.09027777777777778 0.09027777777777778 
9 0.6041666666666666 0.2847222222222222 0.09027777777777778 0.09027777777777778 
