139 0.7256944444444444 0.3298611111111111 0.09027777777777778 0.09027777777777778 
23 0.3125 0.5069444444444444 0.09027777777777778 0.09027777777777778 
132 0.4791666666666667 0.5972222222222222 0.09027777777777778 0.09027777777777778 
111 0.8472222222222222 0.2222222222222222 0.09027777777777778 0.09027777777777778 
64 0.90625 0.4722222222222222 0.09027777777777778 0.09027777777777778 
60 0.7534722222222222 0.2881944444444444 0.09027777777777778 0.09027777777777778 
5 0.4652777777777778 0.10069444444444445 0.09027777777777778 0.09027777777777778 
141 0.9409722222222222 0.6840277777777778 0.09027777777777778 0.09027777777777778 
85 0.4652777777777778 0.2881944444444444 0.09027777777777778 0.09027777777777778 
137 0.5486111111111112 0.8159722222222222 0.09027777777777778 0.09027777777777778 
