96 0.8298611111111112 0.21180555555555555 0.09027777777777778 0.09027777777777778 
53 0.8645833333333334 0.3020833333333333 0.09027777777777778 0.09027777777777778 
64 0.7152777777777778 0.8888888888888888 0.09027777777777778 0.09027777777777778 
58 0.2777777777777778 0.4305555555555556 0.09027777777777778 0.09027777777777778 
153 0.3125 0.2569444444444444 0.09027777777777778 0.09027777777777778 
83 0.5798611111111112 0.2638888888888889 0.09027777777777778 0.09027777777777778 
17 0.8993055555555556 0.3333333333333333 0.09027777777777778 0.09027777777777778 
111 0.6180555555555556 0.3854166666666667 0.09027777777777778 0.09027777777777778 
96 0.3090277777777778 0.1388888888888889 0.09027777777777778 0.09027777777777778 
32 0.125 0.04861111111111111 0.09027777777777778 0.09027777777777778 
