103 0.08680555555555555 0.4861111111111111 0.09027777777777778 0.09027777777777778 
10 0.6805555555555556 0.8854166666666666 0.09027777777777778 0.09027777777777778 
19 0.8888888888888888 0.5069444444444444 0.09027777777777778 0.09027777777777778 
62 0.8368055555555556 0.6041666666666666 0.09027777777777778 0.09027777777777778 
45 0.3472222222222222 0.4340277777777778 0.09027777777777778 0.09027777777777778 
59 0.4895833333333333 0.8125 0.09027777777777778 0.09027777777777778 
84 0.8680555555555556 0.7916666666666666 0.09027777777777778 0.09027777777777778 
33 0.6180555555555556 0.25 0.09027777777777778 0.09027777777777778 
131 0.5208333333333334 0.4479166666666667 0.09027777777777778 0.09027777777777778 
45 0.4965277777777778 0.8576388888888888 0.09027777777777778 0.09027777777777778 
