45 0.9131944444444444 0.1840277777777778 0.09027777777777778 0.09027777777777778 
50 0.11805555555555555 0.23958333333333334 0.09027777777777778 0.09027777777777778 
119 0.9131944444444444 0.4236111111111111 0.09027777777777778 0.09027777777777778 
68 0.0763888888888889 0.19444444444444445 0.09027777777777778 0.09027777777777778 
0 0.1840277777777778 0.8715277777777778 0.09027777777777778 0.09027777777777778 
7 0.4930555555555556 0.375 0.09027777777777778 0.09027777777777778 
48 0.4270833333333333 0.14583333333333334 0.09027777777777778 0.09027777777777778 
97 0.4722222222222222 0.875 0.09027777777777778 0.09027777777777778 
60 0.8923611111111112 0.10069444444444445 0.09027777777777778 0.09027777777777778 
60 0.4826388888888889 0.9548611111111112 0.09027777777777778 0.09027777777777778 
