61 0.8993055555555556 0.7673611111111112 0.09027777777777778 0.09027777777777778 
144 0.8993055555555556 0.6215277777777778 0.09027777777777778 0.09027777777777778 
107 0.3472222222222222 0.8194444444444444 0.09027777777777778 0.09027777777777778 
148 0.4097222222222222 0.2569444444444444 0.09027777777777778 0.09027777777777778 
35 0.6041666666666666 0.2604166666666667 0.09027777777777778 0.09027777777777778 
73 0.6319444444444444 0.8368055555555556 0.09027777777777778 0.09027777777777778 
37 0.2638888888888889 0.2916666666666667 0.09027777777777778 0.09027777777777778 
77 0.8645833333333334 0.84375 0.09027777777777778 0.09027777777777778 
109 0.8611111111111112 0.059027777777777776 0.09027777777777778 0.09027777777777778 
45 0.5451388888888888 0.5104166666666666 0.09027777777777778 0.09027777777777778 
