74 0.4444444444444444 0.19791666666666666 0.09027777777777778 0.09027777777777778 
155 0.4409722222222222 0.5972222222222222 0.09027777777777778 0.09027777777777778 
31 0.6840277777777778 0.7465277777777778 0.09027777777777778 0.09027777777777778 
157 0.7256944444444444 0.5416666666666666 0.09027777777777778 0.09027777777777778 
17 0.3298611111111111 0.7847222222222222 0.09027777777777778 0.09027777777777778 
144 0.6458333333333334 0.4340277777777778 0.09027777777777778 0.09027777777777778 
23 0.46875 0.3333333333333333 0.09027777777777778 0.09027777777777778 
154 0.4305555555555556 0.375 0.09027777777777778 0.09027777777777778 
79 0.6145833333333334 0.875 0.09027777777777778 0.09027777777777778 
52 0.7916666666666666 0.4027777777777778 0.09027777777777778 0.09027777777777778 
