138 0.4965277777777778 0.6041666666666666 0.09027777777777778 0.09027777777777778 
72 0.052083333333333336 0.06944444444444445 0.09027777777777778 0.09027777777777778 
61 0.5104166666666666 0.8993055555555556 0.09027777777777778 0.09027777777777778 
35 0.4097222222222222 0.4131944444444444 0.09027777777777778 0.09027777777777778 
69 0.8576388888888888 0.3506944444444444 0.09027777777777778 0.09027777777777778 
28 0.04513888888888889 0.7256944444444444 0.09027777777777778 0.09027777777777778 
112 0.6527777777777778 0.84375 0.09027777777777778 0.09027777777777778 
57 0.3541666666666667 0.3020833333333333 0.09027777777777778 0.09027777777777778 
120 0.4583333333333333 0.6111111111111112 0.09027777777777778 0.09027777777777778 
52 0.8784722222222222 0.4375 0.09027777777777778 0.09027777777777778 
