117 0.2708333333333333 0.4791666666666667 0.09027777777777778 0.09027777777777778 
107 0.6458333333333334 0.1840277777777778 0.09027777777777778 0.09027777777777778 
88 0.8645833333333334 0.6423611111111112 0.09027777777777778 0.09027777777777778 
76 0.5173611111111112 0.6493055555555556 0.09027777777777778 0.09027777777777778 
21 0.6979166666666666 0.4756944444444444 0.09027777777777778 0.09027777777777778 
102 0.8125 0.7881944444444444 0.09027777777777778 0.09027777777777778 
52 0.8784722222222222 0.6423611111111112 0.09027777777777778 0.09027777777777778 
26 0.2743055555555556 0.8159722222222222 0.09027777777777778 0.09027777777777778 
70 0.6041666666666666 0.08333333333333333 0.09027777777777778 0.09027777777777778 
33 0.7152777777777778 0.6215277777777778 0.09027777777777778 0.09027777777777778 
