50 0.18055555555555555 0.08333333333333333 0.09027777777777778 0.09027777777777778 
136 0.5590277777777778 0.9444444444444444 0.09027777777777778 0.09027777777777778 
104 0.7604166666666666 0.5729166666666666 0.09027777777777778 0.09027777777777778 
3 0.5243055555555556 0.19444444444444445 0.09027777777777778 0.09027777777777778 
146 0.4027777777777778 0.7638888888888888 0.09027777777777778 0.09027777777777778 
132 0.7638888888888888 0.4513888888888889 0.09027777777777778 0.09027777777777778 
141 0.8090277777777778 0.2361111111111111 0.09027777777777778 0.09027777777777778 
103 0.08680555555555555 0.16319444444444445 0.09027777777777778 0.09027777777777778 
118 0.22916666666666666 0.8923611111111112 0.09027777777777778 0.09027777777777778 
114 0.08680555555555555 0.9513888888888888 0.09027777777777778 0.09027777777777778 
