56 0.2916666666666667 0.8159722222222222 0.09027777777777778 0.09027777777777778 
83 0.5486111111111112 0.16319444444444445 0.09027777777777778 0.09027777777777778 
36 0.9340277777777778 0.84375 0.09027777777777778 0.09027777777777778 
78 0.6875 0.08680555555555555 0.09027777777777778 0.09027777777777778 
45 0.1875 0.7048611111111112 0.09027777777777778 0.09027777777777778 
110 0.11805555555555555 0.3194444444444444 0.09027777777777778 0.09027777777777778 
77 0.2847222222222222 0.9131944444444444 0.09027777777777778 0.09027777777777778 
59 0.9305555555555556 0.8784722222222222 0.09027777777777778 0.09027777777777778 
70 0.5694444444444444 0.3888888888888889 0.09027777777777778 0.09027777777777778 
108 0.2986111111111111 0.6875 0.09027777777777778 0.09027777777777778 
