116 0.7986111111111112 0.1111111111111111 0.09027777777777778 0.09027777777777778 
45 0.13541666666666666 0.8576388888888888 0.09027777777777778 0.09027777777777778 
71 0.2534722222222222 0.5173611111111112 0.09027777777777778 0.09027777777777778 
149 0.3368055555555556 0.4826388888888889 0.09027777777777778 0.09027777777777778 
16 0.3298611111111111 0.059027777777777776 0.09027777777777778 0.09027777777777778 
117 0.08680555555555555 0.1736111111111111 0.09027777777777778 0.09027777777777778 
57 0.7708333333333334 0.2673611111111111 0.09027777777777778 0.09027777777777778 
151 0.9513888888888888 0.875 0.09027777777777778 0.09027777777777778 
129 0.8333333333333334 0.6701388888888888 0.09027777777777778 0.09027777777777778 
27 0.7083333333333334 0.5868055555555556 0.09027777777777778 0.09027777777777778 
