155 0.2534722222222222 0.5208333333333334 0.09027777777777778 0.09027777777777778 
81 0.2534722222222222 0.9375 0.09027777777777778 0.09027777777777778 
11 0.8993055555555556 0.2604166666666667 0.09027777777777778 0.09027777777777778 
50 0.4652777777777778 0.8402777777777778 0.09027777777777778 0.09027777777777778 
137 0.875 0.059027777777777776 0.09027777777777778 0.09027777777777778 
140 0.7395833333333334 0.4513888888888889 0.09027777777777778 0.09027777777777778 
110 0.7777777777777778 0.11458333333333333 0.09027777777777778 0.09027777777777778 
95 0.6423611111111112 0.7395833333333334 0.09027777777777778 0.09027777777777778 
24 0.2048611111111111 0.3055555555555556 0.09027777777777778 0.09027777777777778 
21 0.9513888888888888 0.13194444444444445 0.09027777777777778 0.09027777777777778 
