29 0.2986111111111111 0.5798611111111112 0.09027777777777778 0.09027777777777778 
100 0.09375 0.6736111111111112 0.09027777777777778 0.09027777777777778 
146 0.6388888888888888 0.5069444444444444 0.09027777777777778 0.09027777777777778 
67 0.6944444444444444 0.5381944444444444 0.09027777777777778 0.09027777777777778 
74 0.3229166666666667 0.4270833333333333 0.09027777777777778 0.09027777777777778 
27 0.7465277777777778 0.6423611111111112 0.09027777777777778 0.09027777777777778 
77 0.7118055555555556 0.7604166666666666 0.09027777777777778 0.09027777777777778 
142 0.5555555555555556 0.7048611111111112 0.09027777777777778 0.09027777777777778 
96 0.8159722222222222 0.6354166666666666 0.09027777777777778 0.09027777777777778 
49 0.21875 0.09722222222222222 0.09027777777777778 0.09027777777777778 
