127 0.6840277777777778 0.8402777777777778 0.09027777777777778 0.09027777777777778 
109 0.7916666666666666 0.6388888888888888 0.09027777777777778 0.09027777777777778 
52 0.5173611111111112 0.8680555555555556 0.09027777777777778 0.09027777777777778 
105 0.22569444444444445 0.7604166666666666 0.09027777777777778 0.09027777777777778 
103 0.059027777777777776 0.7638888888888888 0.09027777777777778 0.09027777777777778 
80 0.8402777777777778 0.24305555555555555 0.09027777777777778 0.09027777777777778 
76 0.1388888888888889 0.5763888888888888 0.09027777777777778 0.09027777777777778 
148 0.12152777777777778 0.4375 0.09027777777777778 0.09027777777777778 
109 0.04861111111111111 0.1875 0.09027777777777778 0.09027777777777778 
128 0.7951388888888888 0.5451388888888888 0.09027777777777778 0.09027777777777778 
