0 0.7222222222222222 0.5381944444444444 0.09027777777777778 0.09027777777777778 
142 0.4236111111111111 0.4583333333333333 0.09027777777777778 0.09027777777777778 
83 0.2638888888888889 0.10069444444444445 0.09027777777777778 0.09027777777777778 
119 0.6944444444444444 0.3506944444444444 0.09027777777777778 0.09027777777777778 
126 0.9097222222222222 0.7881944444444444 0.09027777777777778 0.09027777777777778 
107 0.7430555555555556 0.78125 0.09027777777777778 0.09027777777777778 
112 0.8263888888888888 0.6840277777777778 0.09027777777777778 0.09027777777777778 
69 0.3125 0.5902777777777778 0.09027777777777778 0.09027777777777778 
35 0.34375 0.7777777777777778 0.09027777777777778 0.09027777777777778 
28 0.34375 0.4861111111111111 0.09027777777777778 0.09027777777777778 
