143 0.5486111111111112 0.5763888888888888 0.09027777777777778 0.09027777777777778 
31 0.7951388888888888 0.5868055555555556 0.09027777777777778 0.09027777777777778 
103 0.08680555555555555 0.14583333333333334 0.09027777777777778 0.09027777777777778 
42 0.8541666666666666 0.07291666666666667 0.09027777777777778 0.09027777777777778 
13 0.4097222222222222 0.6319444444444444 0.09027777777777778 0.09027777777777778 
67 0.16319444444444445 0.875 0.09027777777777778 0.09027777777777778 
16 0.1076388888888889 0.6944444444444444 0.09027777777777778 0.09027777777777778 
10 0.8715277777777778 0.23958333333333334 0.09027777777777778 0.09027777777777778 
34 0.5520833333333334 0.1875 0.09027777777777778 0.09027777777777778 
29 0.4791666666666667 0.7708333333333334 0.09027777777777778 0.09027777777777778 
