121 0.8263888888888888 0.6701388888888888 0.09027777777777778 0.09027777777777778 
73 0.22569444444444445 0.5798611111111112 0.09027777777777778 0.09027777777777778 
13 0.6631944444444444 0.5 0.09027777777777778 0.09027777777777778 
80 0.4340277777777778 0.6840277777777778 0.09027777777777778 0.09027777777777778 
146 0.10069444444444445 0.2916666666666667 0.09027777777777778 0.09027777777777778 
42 0.5694444444444444 0.40625 0.09027777777777778 0.09027777777777778 
29 0.052083333333333336 0.07291666666666667 0.09027777777777778 0.09027777777777778 
116 0.1388888888888889 0.59375 0.09027777777777778 0.09027777777777778 
97 0.25 0.9513888888888888 0.09027777777777778 0.09027777777777778 
121 0.8506944444444444 0.1527777777777778 0.09027777777777778 0.09027777777777778 
