14 0.3159722222222222 0.7118055555555556 0.09027777777777778 0.09027777777777778 
127 0.15625 0.5590277777777778 0.09027777777777778 0.09027777777777778 
33 0.5 0.1875 0.09027777777777778 0.09027777777777778 
25 0.05555555555555555 0.7361111111111112 0.09027777777777778 0.09027777777777778 
109 0.40625 0.5104166666666666 0.09027777777777778 0.09027777777777778 
97 0.2361111111111111 0.5277777777777778 0.09027777777777778 0.09027777777777778 
92 0.5763888888888888 0.11805555555555555 0.09027777777777778 0.09027777777777778 
156 0.19791666666666666 0.18055555555555555 0.09027777777777778 0.09027777777777778 
62 0.8402777777777778 0.8611111111111112 0.09027777777777778 0.09027777777777778 
107 0.2881944444444444 0.9201388888888888 0.09027777777777778 0.09027777777777778 
