157 0.8611111111111112 0.3125 0.09027777777777778 0.09027777777777778 
97 0.6215277777777778 0.16319444444444445 0.09027777777777778 0.09027777777777778 
135 0.625 0.6770833333333334 0.09027777777777778 0.09027777777777778 
50 0.5347222222222222 0.2916666666666667 0.09027777777777778 0.09027777777777778 
111 0.10069444444444445 0.6701388888888888 0.09027777777777778 0.09027777777777778 
79 0.2743055555555556 0.04513888888888889 0.09027777777777778 0.09027777777777778 
149 0.5 0.3333333333333333 0.09027777777777778 0.09027777777777778 
12 0.21180555555555555 0.2916666666666667 0.09027777777777778 0.09027777777777778 
37 0.4826388888888889 0.6111111111111112 0.09027777777777778 0.09027777777777778 
136 0.2847222222222222 0.6111111111111112 0.09027777777777778 0.09027777777777778 
