56 0.8888888888888888 0.9375 0.09027777777777778 0.09027777777777778 
10 0.5798611111111112 0.4166666666666667 0.09027777777777778 0.09027777777777778 
57 0.7118055555555556 0.5798611111111112 0.09027777777777778 0.09027777777777778 
143 0.4097222222222222 0.13541666666666666 0.09027777777777778 0.09027777777777778 
146 0.08680555555555555 0.6631944444444444 0.09027777777777778 0.09027777777777778 
149 0.7395833333333334 0.6180555555555556 0.09027777777777778 0.09027777777777778 
43 0.6666666666666666 0.6805555555555556 0.09027777777777778 0.09027777777777778 
71 0.3958333333333333 0.3159722222222222 0.09027777777777778 0.09027777777777778 
57 0.2638888888888889 0.3541666666666667 0.09027777777777778 0.09027777777777778 
130 0.3368055555555556 0.9201388888888888 0.09027777777777778 0.09027777777777778 
