75 0.7395833333333334 0.2604166666666667 0.09027777777777778 0.09027777777777778 
31 0.9340277777777778 0.3611111111111111 0.09027777777777778 0.09027777777777778 
63 0.7569444444444444 0.3263888888888889 0.09027777777777778 0.09027777777777778 
127 0.4722222222222222 0.6388888888888888 0.09027777777777778 0.09027777777777778 
91 0.8888888888888888 0.7916666666666666 0.09027777777777778 0.09027777777777778 
125 0.7847222222222222 0.9201388888888888 0.09027777777777778 0.09027777777777778 
127 0.3923611111111111 0.9270833333333334 0.09027777777777778 0.09027777777777778 
85 0.0798611111111111 0.4722222222222222 0.09027777777777778 0.09027777777777778 
108 0.5729166666666666 0.1284722222222222 0.09027777777777778 0.09027777777777778 
83 0.3368055555555556 0.4305555555555556 0.09027777777777778 0.09027777777777778 
