1 0.7847222222222222 0.2986111111111111 0.09027777777777778 0.09027777777777778 
2 0.24305555555555555 0.7291666666666666 0.09027777777777778 0.09027777777777778 
6 0.5902777777777778 0.3055555555555556 0.09027777777777778 0.09027777777777778 
18 0.4097222222222222 0.7083333333333334 0.09027777777777778 0.09027777777777778 
131 0.6458333333333334 0.7083333333333334 0.09027777777777778 0.09027777777777778 
51 0.2013888888888889 0.17708333333333334 0.09027777777777778 0.09027777777777778 
72 0.8715277777777778 0.5277777777777778 0.09027777777777778 0.09027777777777778 
104 0.7256944444444444 0.6145833333333334 0.09027777777777778 0.09027777777777778 
86 0.9444444444444444 0.6666666666666666 0.09027777777777778 0.09027777777777778 
70 0.3854166666666667 0.6736111111111112 0.09027777777777778 0.09027777777777778 
