5 0.4479166666666667 0.5729166666666666 0.09027777777777778 0.09027777777777778 
83 0.3333333333333333 0.8819444444444444 0.09027777777777778 0.09027777777777778 
8 0.71875 0.4444444444444444 0.09027777777777778 0.09027777777777778 
82 0.3333333333333333 0.6493055555555556 0.09027777777777778 0.09027777777777778 
85 0.6180555555555556 0.84375 0.09027777777777778 0.09027777777777778 
108 0.8055555555555556 0.6597222222222222 0.09027777777777778 0.09027777777777778 
81 0.4756944444444444 0.5868055555555556 0.09027777777777778 0.09027777777777778 
134 0.6180555555555556 0.1736111111111111 0.09027777777777778 0.09027777777777778 
104 0.9479166666666666 0.2604166666666667 0.09027777777777778 0.09027777777777778 
13 0.14930555555555555 0.23958333333333334 0.09027777777777778 0.09027777777777778 
