99 0.20833333333333334 0.6284722222222222 0.09027777777777778 0.09027777777777778 
58 0.6006944444444444 0.2673611111111111 0.09027777777777778 0.09027777777777778 
93 0.5451388888888888 0.5590277777777778 0.09027777777777778 0.09027777777777778 
56 0.9513888888888888 0.2534722222222222 0.09027777777777778 0.09027777777777778 
113 0.2569444444444444 0.8611111111111112 0.09027777777777778 0.09027777777777778 
7 0.4340277777777778 0.5798611111111112 0.09027777777777778 0.09027777777777778 
45 0.09027777777777778 0.2569444444444444 0.09027777777777778 0.09027777777777778 
23 0.3020833333333333 0.4131944444444444 0.09027777777777778 0.09027777777777778 
76 0.6840277777777778 0.5208333333333334 0.09027777777777778 0.09027777777777778 
99 0.53125 0.625 0.09027777777777778 0.09027777777777778 
