132 0.5902777777777778 0.3784722222222222 0.09027777777777778 0.09027777777777778 
87 0.3090277777777778 0.9340277777777778 0.09027777777777778 0.09027777777777778 
157 0.7430555555555556 0.7708333333333334 0.09027777777777778 0.09027777777777778 
31 0.34375 0.1388888888888889 0.09027777777777778 0.09027777777777778 
146 0.6909722222222222 0.8229166666666666 0.09027777777777778 0.09027777777777778 
146 0.2326388888888889 0.6076388888888888 0.09027777777777778 0.09027777777777778 
124 0.5694444444444444 0.5069444444444444 0.09027777777777778 0.09027777777777778 
84 0.4270833333333333 0.5902777777777778 0.09027777777777778 0.09027777777777778 
85 0.4131944444444444 0.5659722222222222 0.09027777777777778 0.09027777777777778 
127 0.6979166666666666 0.06597222222222222 0.09027777777777778 0.09027777777777778 
