65 0.6111111111111112 0.3055555555555556 0.09027777777777778 0.09027777777777778 
126 0.1527777777777778 0.2777777777777778 0.09027777777777778 0.09027777777777778 
157 0.5 0.3263888888888889 0.09027777777777778 0.09027777777777778 
140 0.8993055555555556 0.4305555555555556 0.09027777777777778 0.09027777777777778 
3 0.12152777777777778 0.7013888888888888 0.09027777777777778 0.09027777777777778 
157 0.6701388888888888 0.3159722222222222 0.09027777777777778 0.09027777777777778 
47 0.3368055555555556 0.6840277777777778 0.09027777777777778 0.09027777777777778 
131 0.5243055555555556 0.7604166666666666 0.09027777777777778 0.09027777777777778 
105 0.6076388888888888 0.40625 0.09027777777777778 0.09027777777777778 
0 0.1840277777777778 0.1284722222222222 0.09027777777777778 0.09027777777777778 
