146 0.7604166666666666 0.2708333333333333 0.09027777777777778 0.09027777777777778 
78 0.9479166666666666 0.052083333333333336 0.09027777777777778 0.09027777777777778 
36 0.3055555555555556 0.6388888888888888 0.09027777777777778 0.09027777777777778 
148 0.09722222222222222 0.22916666666666666 0.09027777777777778 0.09027777777777778 
78 0.05555555555555555 0.3854166666666667 0.09027777777777778 0.09027777777777778 
41 0.6388888888888888 0.9131944444444444 0.09027777777777778 0.09027777777777778 
22 0.16319444444444445 0.4861111111111111 0.09027777777777778 0.09027777777777778 
41 0.7708333333333334 0.78125 0.09027777777777778 0.09027777777777778 
17 0.13541666666666666 0.9375 0.09027777777777778 0.09027777777777778 
105 0.11805555555555555 0.5416666666666666 0.09027777777777778 0.09027777777777778 
