88 0.7847222222222222 0.9236111111111112 0.09027777777777778 0.09027777777777778 
154 0.6597222222222222 0.9166666666666666 0.09027777777777778 0.09027777777777778 
131 0.75 0.7708333333333334 0.09027777777777778 0.09027777777777778 
46 0.8472222222222222 0.4097222222222222 0.09027777777777778 0.09027777777777778 
32 0.5034722222222222 0.3541666666666667 0.09027777777777778 0.09027777777777778 
48 0.1875 0.10416666666666667 0.09027777777777778 0.09027777777777778 
13 0.6388888888888888 0.8506944444444444 0.09027777777777778 0.09027777777777778 
23 0.6111111111111112 0.4965277777777778 0.09027777777777778 0.09027777777777778 
156 0.4409722222222222 0.9305555555555556 0.09027777777777778 0.09027777777777778 
120 0.9375 0.3125 0.09027777777777778 0.09027777777777778 
