77 0.9409722222222222 0.6631944444444444 0.09027777777777778 0.09027777777777778 
38 0.6597222222222222 0.24305555555555555 0.09027777777777778 0.09027777777777778 
50 0.5868055555555556 0.3576388888888889 0.09027777777777778 0.09027777777777778 
0 0.9270833333333334 0.0625 0.09027777777777778 0.09027777777777778 
44 0.2534722222222222 0.2465277777777778 0.09027777777777778 0.09027777777777778 
108 0.3020833333333333 0.7847222222222222 0.09027777777777778 0.09027777777777778 
129 0.0625 0.2638888888888889 0.09027777777777778 0.09027777777777778 
99 0.8125 0.8958333333333334 0.09027777777777778 0.09027777777777778 
3 0.7222222222222222 0.13541666666666666 0.09027777777777778 0.09027777777777778 
48 0.3784722222222222 0.2152777777777778 0.09027777777777778 0.09027777777777778 
