104 0.5833333333333334 0.125 0.09027777777777778 0.09027777777777778 
11 0.22569444444444445 0.7777777777777778 0.09027777777777778 0.09027777777777778 
12 0.4826388888888889 0.7152777777777778 0.09027777777777778 0.09027777777777778 
21 0.2777777777777778 0.65625 0.09027777777777778 0.09027777777777778 
93 0.5416666666666666 0.7847222222222222 0.09027777777777778 0.09027777777777778 
31 0.3159722222222222 0.06944444444444445 0.09027777777777778 0.09027777777777778 
70 0.21875 0.4166666666666667 0.09027777777777778 0.09027777777777778 
117 0.25 0.6423611111111112 0.09027777777777778 0.09027777777777778 
67 0.3333333333333333 0.13194444444444445 0.09027777777777778 0.09027777777777778 
141 0.09722222222222222 0.5138888888888888 0.09027777777777778 0.09027777777777778 
