109 0.1388888888888889 0.4513888888888889 0.09027777777777778 0.09027777777777778 
136 0.2847222222222222 0.6076388888888888 0.09027777777777778 0.09027777777777778 
116 0.71875 0.7222222222222222 0.09027777777777778 0.09027777777777778 
37 0.5694444444444444 0.2743055555555556 0.09027777777777778 0.09027777777777778 
157 0.18055555555555555 0.5104166666666666 0.09027777777777778 0.09027777777777778 
95 0.6840277777777778 0.3159722222222222 0.09027777777777778 0.09027777777777778 
20 0.0763888888888889 0.8958333333333334 0.09027777777777778 0.09027777777777778 
101 0.4756944444444444 0.6076388888888888 0.09027777777777778 0.09027777777777778 
20 0.6076388888888888 0.1284722222222222 0.09027777777777778 0.09027777777777778 
134 0.6840277777777778 0.2326388888888889 0.09027777777777778 0.09027777777777778 
