143 0.2465277777777778 0.6736111111111112 0.09027777777777778 0.09027777777777778 
94 0.6493055555555556 0.7465277777777778 0.09027777777777778 0.09027777777777778 
58 0.6215277777777778 0.16666666666666666 0.09027777777777778 0.09027777777777778 
13 0.875 0.0763888888888889 0.09027777777777778 0.09027777777777778 
13 0.5 0.875 0.09027777777777778 0.09027777777777778 
80 0.1423611111111111 0.5520833333333334 0.09027777777777778 0.09027777777777778 
16 0.4027777777777778 0.4930555555555556 0.09027777777777778 0.09027777777777778 
147 0.7673611111111112 0.6701388888888888 0.09027777777777778 0.09027777777777778 
157 0.3298611111111111 0.3090277777777778 0.09027777777777778 0.09027777777777778 
153 0.7326388888888888 0.34375 0.09027777777777778 0.09027777777777778 
