38 0.2777777777777778 0.3958333333333333 0.09027777777777778 0.09027777777777778 
88 0.8541666666666666 0.1527777777777778 0.09027777777777778 0.09027777777777778 
80 0.8125 0.08680555555555555 0.09027777777777778 0.09027777777777778 
38 0.9548611111111112 0.5069444444444444 0.09027777777777778 0.09027777777777778 
132 0.8055555555555556 0.7951388888888888 0.09027777777777778 0.09027777777777778 
131 0.40625 0.8055555555555556 0.09027777777777778 0.09027777777777778 
36 0.5659722222222222 0.5555555555555556 0.09027777777777778 0.09027777777777778 
21 0.4826388888888889 0.09722222222222222 0.09027777777777778 0.09027777777777778 
96 0.5694444444444444 0.5590277777777778 0.09027777777777778 0.09027777777777778 
38 0.3958333333333333 0.3472222222222222 0.09027777777777778 0.09027777777777778 
