22 0.10069444444444445 0.052083333333333336 0.09027777777777778 0.09027777777777778 
22 0.1840277777777778 0.7465277777777778 0.09027777777777778 0.09027777777777778 
21 0.5416666666666666 0.6666666666666666 0.09027777777777778 0.09027777777777778 
25 0.5868055555555556 0.059027777777777776 0.09027777777777778 0.09027777777777778 
104 0.2465277777777778 0.06597222222222222 0.09027777777777778 0.09027777777777778 
43 0.53125 0.6701388888888888 0.09027777777777778 0.09027777777777778 
127 0.6284722222222222 0.8090277777777778 0.09027777777777778 0.09027777777777778 
156 0.5416666666666666 0.7743055555555556 0.09027777777777778 0.09027777777777778 
75 0.7881944444444444 0.3090277777777778 0.09027777777777778 0.09027777777777778 
21 0.06597222222222222 0.3715277777777778 0.09027777777777778 0.09027777777777778 
