68 0.9305555555555556 0.875 0.09027777777777778 0.09027777777777778 
74 0.6840277777777778 0.28125 0.09027777777777778 0.09027777777777778 
87 0.7673611111111112 0.5 0.09027777777777778 0.09027777777777778 
121 0.1284722222222222 0.3541666666666667 0.09027777777777778 0.09027777777777778 
92 0.8541666666666666 0.4270833333333333 0.09027777777777778 0.09027777777777778 
111 0.2361111111111111 0.8333333333333334 0.09027777777777778 0.09027777777777778 
107 0.2361111111111111 0.6631944444444444 0.09027777777777778 0.09027777777777778 
84 0.3125 0.0625 0.09027777777777778 0.09027777777777778 
5 0.4756944444444444 0.5868055555555556 0.09027777777777778 0.09027777777777778 
46 0.6770833333333334 0.5138888888888888 0.09027777777777778 0.09027777777777778 
