60 0.19791666666666666 0.53125 0.09027777777777778 0.09027777777777778 
145 0.6631944444444444 0.16666666666666666 0.09027777777777778 0.09027777777777778 
103 0.4826388888888889 0.71875 0.09027777777777778 0.09027777777777778 
61 0.4861111111111111 0.2847222222222222 0.09027777777777778 0.09027777777777778 
67 0.3263888888888889 0.3020833333333333 0.09027777777777778 0.09027777777777778 
21 0.6319444444444444 0.2673611111111111 0.09027777777777778 0.09027777777777778 
79 0.5138888888888888 0.5347222222222222 0.09027777777777778 0.09027777777777778 
105 0.07291666666666667 0.4756944444444444 0.09027777777777778 0.09027777777777778 
12 0.84375 0.5 0.09027777777777778 0.09027777777777778 
131 0.3645833333333333 0.17708333333333334 0.09027777777777778 0.09027777777777778 
