24 0.5381944444444444 0.5833333333333334 0.09027777777777778 0.09027777777777778 
129 0.1076388888888889 0.1527777777777778 0.09027777777777778 0.09027777777777778 
141 0.4444444444444444 0.7395833333333334 0.09027777777777778 0.09027777777777778 
90 0.4305555555555556 0.8298611111111112 0.09027777777777778 0.09027777777777778 
153 0.2222222222222222 0.2604166666666667 0.09027777777777778 0.09027777777777778 
33 0.8159722222222222 0.4756944444444444 0.09027777777777778 0.09027777777777778 
138 0.3541666666666667 0.8159722222222222 0.09027777777777778 0.09027777777777778 
152 0.12152777777777778 0.7430555555555556 0.09027777777777778 0.09027777777777778 
83 0.6493055555555556 0.8020833333333334 0.09027777777777778 0.09027777777777778 
19 0.3263888888888889 0.7604166666666666 0.09027777777777778 0.09027777777777778 
