149 0.16666666666666666 0.78125 0.09027777777777778 0.09027777777777778 
18 0.09375 0.13541666666666666 0.09027777777777778 0.09027777777777778 
67 0.7916666666666666 0.3298611111111111 0.09027777777777778 0.09027777777777778 
121 0.875 0.4826388888888889 0.09027777777777778 0.09027777777777778 
22 0.28125 0.1423611111111111 0.09027777777777778 0.09027777777777778 
29 0.2152777777777778 0.6180555555555556 0.09027777777777778 0.09027777777777778 
83 0.375 0.875 0.09027777777777778 0.09027777777777778 
50 0.8263888888888888 0.5868055555555556 0.09027777777777778 0.09027777777777778 
14 0.4722222222222222 0.23958333333333334 0.09027777777777778 0.09027777777777778 
59 0.2951388888888889 0.2951388888888889 0.09027777777777778 0.09027777777777778 
