94 0.8229166666666666 0.9548611111111112 0.09027777777777778 0.09027777777777778 
37 0.21875 0.8402777777777778 0.09027777777777778 0.09027777777777778 
16 0.08680555555555555 0.3472222222222222 0.09027777777777778 0.09027777777777778 
57 0.34375 0.1423611111111111 0.09027777777777778 0.09027777777777778 
48 0.3194444444444444 0.3090277777777778 0.09027777777777778 0.09027777777777778 
154 0.6631944444444444 0.5868055555555556 0.09027777777777778 0.09027777777777778 
47 0.3576388888888889 0.5208333333333334 0.09027777777777778 0.09027777777777778 
90 0.90625 0.8472222222222222 0.09027777777777778 0.09027777777777778 
153 0.2673611111111111 0.24305555555555555 0.09027777777777778 0.09027777777777778 
83 0.7291666666666666 0.4444444444444444 0.09027777777777778 0.09027777777777778 
