43 0.4826388888888889 0.6979166666666666 0.09027777777777778 0.09027777777777778 
89 0.5972222222222222 0.5625 0.09027777777777778 0.09027777777777778 
67 0.8090277777777778 0.6701388888888888 0.09027777777777778 0.09027777777777778 
64 0.2673611111111111 0.3854166666666667 0.09027777777777778 0.09027777777777778 
132 0.4444444444444444 0.6145833333333334 0.09027777777777778 0.09027777777777778 
148 0.14583333333333334 0.6215277777777778 0.09027777777777778 0.09027777777777778 
139 0.5243055555555556 0.5104166666666666 0.09027777777777778 0.09027777777777778 
79 0.7847222222222222 0.2743055555555556 0.09027777777777778 0.09027777777777778 
150 0.3020833333333333 0.7048611111111112 0.09027777777777778 0.09027777777777778 
90 0.7395833333333334 0.0625 0.09027777777777778 0.09027777777777778 
