18 0.3680555555555556 0.7743055555555556 0.09027777777777778 0.09027777777777778 
51 0.09722222222222222 0.28125 0.09027777777777778 0.09027777777777778 
84 0.78125 0.875 0.09027777777777778 0.09027777777777778 
60 0.2673611111111111 0.7291666666666666 0.09027777777777778 0.09027777777777778 
148 0.8368055555555556 0.6111111111111112 0.09027777777777778 0.09027777777777778 
107 0.25 0.4305555555555556 0.09027777777777778 0.09027777777777778 
60 0.8402777777777778 0.25 0.09027777777777778 0.09027777777777778 
133 0.7465277777777778 0.5416666666666666 0.09027777777777778 0.09027777777777778 
144 0.8923611111111112 0.4618055555555556 0.09027777777777778 0.09027777777777778 
53 0.8541666666666666 0.3923611111111111 0.09027777777777778 0.09027777777777778 
