38 0.6180555555555556 0.1909722222222222 0.09027777777777778 0.09027777777777778 
45 0.052083333333333336 0.6354166666666666 0.09027777777777778 0.09027777777777778 
118 0.2361111111111111 0.8263888888888888 0.09027777777777778 0.09027777777777778 
1 0.4201388888888889 0.8229166666666666 0.09027777777777778 0.09027777777777778 
88 0.08333333333333333 0.21875 0.09027777777777778 0.09027777777777778 
68 0.7430555555555556 0.6597222222222222 0.09027777777777778 0.09027777777777778 
38 0.2013888888888889 0.2326388888888889 0.09027777777777778 0.09027777777777778 
8 0.7604166666666666 0.34375 0.09027777777777778 0.09027777777777778 
148 0.13541666666666666 0.8090277777777778 0.09027777777777778 0.09027777777777778 
66 0.4027777777777778 0.7743055555555556 0.09027777777777778 0.09027777777777778 
