100 0.16319444444444445 0.3541666666666667 0.09027777777777778 0.09027777777777778 
70 0.3472222222222222 0.0625 0.09027777777777778 0.09027777777777778 
121 0.4409722222222222 0.052083333333333336 0.09027777777777778 0.09027777777777778 
57 0.16319444444444445 0.3958333333333333 0.09027777777777778 0.09027777777777778 
154 0.6944444444444444 0.4652777777777778 0.09027777777777778 0.09027777777777778 
80 0.8194444444444444 0.2951388888888889 0.09027777777777778 0.09027777777777778 
65 0.9479166666666666 0.9027777777777778 0.09027777777777778 0.09027777777777778 
59 0.6354166666666666 0.7465277777777778 0.09027777777777778 0.09027777777777778 
13 0.8506944444444444 0.8923611111111112 0.09027777777777778 0.09027777777777778 
100 0.1388888888888889 0.4513888888888889 0.09027777777777778 0.09027777777777778 
