135 0.5798611111111112 0.7777777777777778 0.09027777777777778 0.09027777777777778 
24 0.7152777777777778 0.3055555555555556 0.09027777777777778 0.09027777777777778 
106 0.8784722222222222 0.9409722222222222 0.09027777777777778 0.09027777777777778 
107 0.6076388888888888 0.7361111111111112 0.09027777777777778 0.09027777777777778 
150 0.7777777777777778 0.4444444444444444 0.09027777777777778 0.09027777777777778 
98 0.5243055555555556 0.8333333333333334 0.09027777777777778 0.09027777777777778 
20 0.6527777777777778 0.2881944444444444 0.09027777777777778 0.09027777777777778 
44 0.2465277777777778 0.04513888888888889 0.09027777777777778 0.09027777777777778 
145 0.4201388888888889 0.8159722222222222 0.09027777777777778 0.09027777777777778 
52 0.13541666666666666 0.6527777777777778 0.09027777777777778 0.09027777777777778 
