84 0.5451388888888888 0.6076388888888888 0.09027777777777778 0.09027777777777778 
109 0.5451388888888888 0.5138888888888888 0.09027777777777778 0.09027777777777778 
5 0.7395833333333334 0.8368055555555556 0.09027777777777778 0.09027777777777778 
1 0.04513888888888889 0.4583333333333333 0.09027777777777778 0.09027777777777778 
96 0.1284722222222222 0.7847222222222222 0.09027777777777778 0.09027777777777778 
67 0.0763888888888889 0.25 0.09027777777777778 0.09027777777777778 
132 0.4861111111111111 0.5173611111111112 0.09027777777777778 0.09027777777777778 
151 0.3055555555555556 0.6111111111111112 0.09027777777777778 0.09027777777777778 
74 0.7430555555555556 0.5833333333333334 0.09027777777777778 0.09027777777777778 
97 0.7361111111111112 0.6111111111111112 0.09027777777777778 0.09027777777777778 
