48 0.7118055555555556 0.3819444444444444 0.09027777777777778 0.09027777777777778 
5 0.2326388888888889 0.18055555555555555 0.09027777777777778 0.09027777777777778 
152 0.34375 0.5625 0.09027777777777778 0.09027777777777778 
82 0.09027777777777778 0.6354166666666666 0.09027777777777778 0.09027777777777778 
6 0.5104166666666666 0.4444444444444444 0.09027777777777778 0.09027777777777778 
124 0.7048611111111112 0.6666666666666666 0.09027777777777778 0.09027777777777778 
64 0.7395833333333334 0.9479166666666666 0.09027777777777778 0.09027777777777778 
37 0.6354166666666666 0.9548611111111112 0.09027777777777778 0.09027777777777778 
7 0.6631944444444444 0.46875 0.09027777777777778 0.09027777777777778 
0 0.9444444444444444 0.1388888888888889 0.09027777777777778 0.09027777777777778 
