16 0.5868055555555556 0.78125 0.09027777777777778 0.09027777777777778 
144 0.3506944444444444 0.5 0.09027777777777778 0.09027777777777778 
48 0.5659722222222222 0.0798611111111111 0.09027777777777778 0.09027777777777778 
51 0.3645833333333333 0.6180555555555556 0.09027777777777778 0.09027777777777778 
81 0.4930555555555556 0.08680555555555555 0.09027777777777778 0.09027777777777778 
156 0.7395833333333334 0.0798611111111111 0.09027777777777778 0.09027777777777778 
95 0.4444444444444444 0.3923611111111111 0.09027777777777778 0.09027777777777778 
48 0.84375 0.7048611111111112 0.09027777777777778 0.09027777777777778 
98 0.4097222222222222 0.4027777777777778 0.09027777777777778 0.09027777777777778 
35 0.3576388888888889 0.8576388888888888 0.09027777777777778 0.09027777777777778 
