38 0.06944444444444445 0.9305555555555556 0.09027777777777778 0.09027777777777778 
86 0.3784722222222222 0.7222222222222222 0.09027777777777778 0.09027777777777778 
60 0.8402777777777778 0.4236111111111111 0.09027777777777778 0.09027777777777778 
30 0.8402777777777778 0.5451388888888888 0.09027777777777778 0.09027777777777778 
63 0.6076388888888888 0.4270833333333333 0.09027777777777778 0.09027777777777778 
45 0.7152777777777778 0.4131944444444444 0.09027777777777778 0.09027777777777778 
12 0.4826388888888889 0.2777777777777778 0.09027777777777778 0.09027777777777778 
43 0.19791666666666666 0.6145833333333334 0.09027777777777778 0.09027777777777778 
18 0.1388888888888889 0.1111111111111111 0.09027777777777778 0.09027777777777778 
98 0.8680555555555556 0.3854166666666667 0.09027777777777778 0.09027777777777778 
