107 0.5173611111111112 0.28125 0.09027777777777778 0.09027777777777778 
13 0.3090277777777778 0.8923611111111112 0.09027777777777778 0.09027777777777778 
43 0.4895833333333333 0.23958333333333334 0.09027777777777778 0.09027777777777778 
145 0.7048611111111112 0.8993055555555556 0.09027777777777778 0.09027777777777778 
139 0.7291666666666666 0.8125 0.09027777777777778 0.09027777777777778 
80 0.11805555555555555 0.1597222222222222 0.09027777777777778 0.09027777777777778 
67 0.4513888888888889 0.1388888888888889 0.09027777777777778 0.09027777777777778 
98 0.7986111111111112 0.21180555555555555 0.09027777777777778 0.09027777777777778 
134 0.3541666666666667 0.1840277777777778 0.09027777777777778 0.09027777777777778 
94 0.6909722222222222 0.2847222222222222 0.09027777777777778 0.09027777777777778 
