35 0.7395833333333334 0.6701388888888888 0.09027777777777778 0.09027777777777778 
55 0.1076388888888889 0.2847222222222222 0.09027777777777778 0.09027777777777778 
96 0.7465277777777778 0.08680555555555555 0.09027777777777778 0.09027777777777778 
9 0.1597222222222222 0.4097222222222222 0.09027777777777778 0.09027777777777778 
99 0.625 0.0763888888888889 0.09027777777777778 0.09027777777777778 
139 0.4618055555555556 0.8020833333333334 0.09027777777777778 0.09027777777777778 
5 0.5972222222222222 0.11805555555555555 0.09027777777777778 0.09027777777777778 
91 0.3159722222222222 0.1076388888888889 0.09027777777777778 0.09027777777777778 
32 0.3506944444444444 0.18055555555555555 0.09027777777777778 0.09027777777777778 
66 0.1076388888888889 0.052083333333333336 0.09027777777777778 0.09027777777777778 
