142 0.1909722222222222 0.3993055555555556 0.09027777777777778 0.09027777777777778 
99 0.8506944444444444 0.3263888888888889 0.09027777777777778 0.09027777777777778 
12 0.4236111111111111 0.05555555555555555 0.09027777777777778 0.09027777777777778 
137 0.6944444444444444 0.8055555555555556 0.09027777777777778 0.09027777777777778 
23 0.6354166666666666 0.16666666666666666 0.09027777777777778 0.09027777777777778 
122 0.59375 0.125 0.09027777777777778 0.09027777777777778 
25 0.8368055555555556 0.8819444444444444 0.09027777777777778 0.09027777777777778 
123 0.6145833333333334 0.4236111111111111 0.09027777777777778 0.09027777777777778 
64 0.1423611111111111 0.052083333333333336 0.09027777777777778 0.09027777777777778 
31 0.8159722222222222 0.8194444444444444 0.09027777777777778 0.09027777777777778 
