32 0.8263888888888888 0.9305555555555556 0.09027777777777778 0.09027777777777778 
138 0.4097222222222222 0.13541666666666666 0.09027777777777778 0.09027777777777778 
20 0.3923611111111111 0.3298611111111111 0.09027777777777778 0.09027777777777778 
122 0.6944444444444444 0.84375 0.09027777777777778 0.09027777777777778 
74 0.1701388888888889 0.5763888888888888 0.09027777777777778 0.09027777777777778 
100 0.2777777777777778 0.3368055555555556 0.09027777777777778 0.09027777777777778 
59 0.3819444444444444 0.5347222222222222 0.09027777777777778 0.09027777777777778 
58 0.8402777777777778 0.3333333333333333 0.09027777777777778 0.09027777777777778 
43 0.2638888888888889 0.4166666666666667 0.09027777777777778 0.09027777777777778 
148 0.4409722222222222 0.2222222222222222 0.09027777777777778 0.09027777777777778 
