14 0.6770833333333334 0.4513888888888889 0.09027777777777778 0.09027777777777778 
8 0.7048611111111112 0.125 0.09027777777777778 0.09027777777777778 
120 0.5833333333333334 0.5868055555555556 0.09027777777777778 0.09027777777777778 
28 0.14583333333333334 0.8611111111111112 0.09027777777777778 0.09027777777777778 
126 0.4583333333333333 0.09375 0.09027777777777778 0.09027777777777778 
92 0.5486111111111112 0.8958333333333334 0.09027777777777778 0.09027777777777778 
11 0.6319444444444444 0.23958333333333334 0.09027777777777778 0.09027777777777778 
119 0.1875 0.3333333333333333 0.09027777777777778 0.09027777777777778 
66 0.4618055555555556 0.2743055555555556 0.09027777777777778 0.09027777777777778 
100 0.07291666666666667 0.3541666666666667 0.09027777777777778 0.09027777777777778 
