30 0.13194444444444445 0.3263888888888889 0.09027777777777778 0.09027777777777778 
48 0.4201388888888889 0.6145833333333334 0.09027777777777778 0.09027777777777778 
84 0.7395833333333334 0.7256944444444444 0.09027777777777778 0.09027777777777778 
137 0.8125 0.5798611111111112 0.09027777777777778 0.09027777777777778 
140 0.25 0.25 0.09027777777777778 0.09027777777777778 
128 0.08333333333333333 0.7951388888888888 0.09027777777777778 0.09027777777777778 
4 0.6527777777777778 0.8993055555555556 0.09027777777777778 0.09027777777777778 
112 0.04513888888888889 0.6006944444444444 0.09027777777777778 0.09027777777777778 
156 0.7951388888888888 0.28125 0.09027777777777778 0.09027777777777778 
110 0.2916666666666667 0.3263888888888889 0.09027777777777778 0.09027777777777778 
