95 0.8958333333333334 0.7013888888888888 0.09027777777777778 0.09027777777777778 
44 0.8125 0.3611111111111111 0.09027777777777778 0.09027777777777778 
133 0.3680555555555556 0.125 0.09027777777777778 0.09027777777777778 
99 0.4409722222222222 0.40625 0.09027777777777778 0.09027777777777778 
155 0.19791666666666666 0.6388888888888888 0.09027777777777778 0.09027777777777778 
107 0.6701388888888888 0.6666666666666666 0.09027777777777778 0.09027777777777778 
118 0.08333333333333333 0.4652777777777778 0.09027777777777778 0.09027777777777778 
57 0.7222222222222222 0.7673611111111112 0.09027777777777778 0.09027777777777778 
68 0.8333333333333334 0.6354166666666666 0.09027777777777778 0.09027777777777778 
141 0.9236111111111112 0.7465277777777778 0.09027777777777778 0.09027777777777778 
