29 0.2604166666666667 0.7638888888888888 0.09027777777777778 0.09027777777777778 
42 0.2152777777777778 0.1840277777777778 0.09027777777777778 0.09027777777777778 
17 0.8368055555555556 0.3194444444444444 0.09027777777777778 0.09027777777777778 
114 0.059027777777777776 0.1111111111111111 0.09027777777777778 0.09027777777777778 
117 0.7291666666666666 0.2465277777777778 0.09027777777777778 0.09027777777777778 
5 0.9270833333333334 0.6597222222222222 0.09027777777777778 0.09027777777777778 
45 0.2673611111111111 0.4513888888888889 0.09027777777777778 0.09027777777777778 
32 0.4305555555555556 0.2743055555555556 0.09027777777777778 0.09027777777777778 
145 0.6944444444444444 0.4930555555555556 0.09027777777777778 0.09027777777777778 
13 0.6979166666666666 0.4583333333333333 0.09027777777777778 0.09027777777777778 
