154 0.5763888888888888 0.22569444444444445 0.09027777777777778 0.09027777777777778 
131 0.2881944444444444 0.5416666666666666 0.09027777777777778 0.09027777777777778 
58 0.7326388888888888 0.7951388888888888 0.09027777777777778 0.09027777777777778 
27 0.2986111111111111 0.1388888888888889 0.09027777777777778 0.09027777777777778 
55 0.6631944444444444 0.3854166666666667 0.09027777777777778 0.09027777777777778 
77 0.4583333333333333 0.1284722222222222 0.09027777777777778 0.09027777777777778 
101 0.8923611111111112 0.09722222222222222 0.09027777777777778 0.09027777777777778 
106 0.7118055555555556 0.78125 0.09027777777777778 0.09027777777777778 
22 0.8159722222222222 0.1076388888888889 0.09027777777777778 0.09027777777777778 
112 0.0763888888888889 0.65625 0.09027777777777778 0.09027777777777778 
