32 0.9375 0.1736111111111111 0.09027777777777778 0.09027777777777778 
94 0.1840277777777778 0.5659722222222222 0.09027777777777778 0.09027777777777778 
108 0.06944444444444445 0.04861111111111111 0.09027777777777778 0.09027777777777778 
57 0.5659722222222222 0.6006944444444444 0.09027777777777778 0.09027777777777778 
107 0.53125 0.9340277777777778 0.09027777777777778 0.09027777777777778 
5 0.71875 0.4131944444444444 0.09027777777777778 0.09027777777777778 
16 0.2534722222222222 0.4166666666666667 0.09027777777777778 0.09027777777777778 
69 0.7395833333333334 0.8645833333333334 0.09027777777777778 0.09027777777777778 
4 0.4375 0.8298611111111112 0.09027777777777778 0.09027777777777778 
130 0.07291666666666667 0.19444444444444445 0.09027777777777778 0.09027777777777778 
