96 0.375 0.3506944444444444 0.09027777777777778 0.09027777777777778 
103 0.6805555555555556 0.3923611111111111 0.09027777777777778 0.09027777777777778 
131 0.9166666666666666 0.3576388888888889 0.09027777777777778 0.09027777777777778 
21 0.3159722222222222 0.7291666666666666 0.09027777777777778 0.09027777777777778 
59 0.8854166666666666 0.4965277777777778 0.09027777777777778 0.09027777777777778 
156 0.6944444444444444 0.052083333333333336 0.09027777777777778 0.09027777777777778 
44 0.1909722222222222 0.8784722222222222 0.09027777777777778 0.09027777777777778 
47 0.7881944444444444 0.4305555555555556 0.09027777777777778 0.09027777777777778 
102 0.34375 0.22569444444444445 0.09027777777777778 0.09027777777777778 
11 0.625 0.7152777777777778 0.09027777777777778 0.09027777777777778 
