93 0.4340277777777778 0.8819444444444444 0.09027777777777778 0.09027777777777778 
149 0.5520833333333334 0.5659722222222222 0.09027777777777778 0.09027777777777778 
35 0.8819444444444444 0.7604166666666666 0.09027777777777778 0.09027777777777778 
131 0.7638888888888888 0.5625 0.09027777777777778 0.09027777777777778 
110 0.7152777777777778 0.4548611111111111 0.09027777777777778 0.09027777777777778 
78 0.8541666666666666 0.9305555555555556 0.09027777777777778 0.09027777777777778 
84 0.13541666666666666 0.8854166666666666 0.09027777777777778 0.09027777777777778 
1 0.5625 0.4895833333333333 0.09027777777777778 0.09027777777777778 
125 0.7256944444444444 0.9027777777777778 0.09027777777777778 0.09027777777777778 
98 0.2638888888888889 0.9027777777777778 0.09027777777777778 0.09027777777777778 
