13 0.14583333333333334 0.3506944444444444 0.09027777777777778 0.09027777777777778 
32 0.7361111111111112 0.2847222222222222 0.09027777777777778 0.09027777777777778 
30 0.9270833333333334 0.6944444444444444 0.09027777777777778 0.09027777777777778 
155 0.7291666666666666 0.9236111111111112 0.09027777777777778 0.09027777777777778 
26 0.2361111111111111 0.6527777777777778 0.09027777777777778 0.09027777777777778 
134 0.6805555555555556 0.12152777777777778 0.09027777777777778 0.09027777777777778 
73 0.375 0.2673611111111111 0.09027777777777778 0.09027777777777778 
145 0.9131944444444444 0.7256944444444444 0.09027777777777778 0.09027777777777778 
68 0.2048611111111111 0.4722222222222222 0.09027777777777778 0.09027777777777778 
97 0.2465277777777778 0.3229166666666667 0.09027777777777778 0.09027777777777778 
