144 0.4027777777777778 0.07291666666666667 0.09027777777777778 0.09027777777777778 
92 0.9340277777777778 0.7361111111111112 0.09027777777777778 0.09027777777777778 
126 0.5451388888888888 0.5729166666666666 0.09027777777777778 0.09027777777777778 
77 0.375 0.14930555555555555 0.09027777777777778 0.09027777777777778 
21 0.9097222222222222 0.06597222222222222 0.09027777777777778 0.09027777777777778 
62 0.6701388888888888 0.4618055555555556 0.09027777777777778 0.09027777777777778 
65 0.8055555555555556 0.4027777777777778 0.09027777777777778 0.09027777777777778 
83 0.5104166666666666 0.9375 0.09027777777777778 0.09027777777777778 
3 0.4166666666666667 0.8506944444444444 0.09027777777777778 0.09027777777777778 
113 0.4201388888888889 0.5208333333333334 0.09027777777777778 0.09027777777777778 
