46 0.875 0.21180555555555555 0.09027777777777778 0.09027777777777778 
96 0.7152777777777778 0.8819444444444444 0.09027777777777778 0.09027777777777778 
119 0.5868055555555556 0.6631944444444444 0.09027777777777778 0.09027777777777778 
105 0.9236111111111112 0.7638888888888888 0.09027777777777778 0.09027777777777778 
24 0.13541666666666666 0.14930555555555555 0.09027777777777778 0.09027777777777778 
131 0.28125 0.7118055555555556 0.09027777777777778 0.09027777777777778 
156 0.59375 0.3680555555555556 0.09027777777777778 0.09027777777777778 
72 0.40625 0.3819444444444444 0.09027777777777778 0.09027777777777778 
111 0.125 0.5833333333333334 0.09027777777777778 0.09027777777777778 
14 0.4826388888888889 0.2986111111111111 0.09027777777777778 0.09027777777777778 
