82 0.2465277777777778 0.22916666666666666 0.09027777777777778 0.09027777777777778 
150 0.7951388888888888 0.11805555555555555 0.09027777777777778 0.09027777777777778 
149 0.4722222222222222 0.1736111111111111 0.09027777777777778 0.09027777777777778 
136 0.8541666666666666 0.08333333333333333 0.09027777777777778 0.09027777777777778 
3 0.3194444444444444 0.13194444444444445 0.09027777777777778 0.09027777777777778 
3 0.3159722222222222 0.84375 0.09027777777777778 0.09027777777777778 
152 0.3194444444444444 0.6527777777777778 0.09027777777777778 0.09027777777777778 
117 0.3541666666666667 0.2048611111111111 0.09027777777777778 0.09027777777777778 
50 0.2951388888888889 0.4305555555555556 0.09027777777777778 0.09027777777777778 
55 0.09375 0.5208333333333334 0.09027777777777778 0.09027777777777778 
