41 0.3090277777777778 0.20833333333333334 0.09027777777777778 0.09027777777777778 
53 0.7743055555555556 0.7222222222222222 0.09027777777777778 0.09027777777777778 
15 0.5034722222222222 0.8993055555555556 0.09027777777777778 0.09027777777777778 
130 0.1076388888888889 0.7256944444444444 0.09027777777777778 0.09027777777777778 
102 0.7465277777777778 0.6319444444444444 0.09027777777777778 0.09027777777777778 
102 0.59375 0.07291666666666667 0.09027777777777778 0.09027777777777778 
105 0.5729166666666666 0.3819444444444444 0.09027777777777778 0.09027777777777778 
94 0.6111111111111112 0.6076388888888888 0.09027777777777778 0.09027777777777778 
119 0.1388888888888889 0.3819444444444444 0.09027777777777778 0.09027777777777778 
96 0.2847222222222222 0.6527777777777778 0.09027777777777778 0.09027777777777778 
