134 0.2604166666666667 0.28125 0.09027777777777778 0.09027777777777778 
33 0.5243055555555556 0.8541666666666666 0.09027777777777778 0.09027777777777778 
29 0.7430555555555556 0.7708333333333334 0.09027777777777778 0.09027777777777778 
22 0.8125 0.5659722222222222 0.09027777777777778 0.09027777777777778 
124 0.9201388888888888 0.9479166666666666 0.09027777777777778 0.09027777777777778 
25 0.9305555555555556 0.6458333333333334 0.09027777777777778 0.09027777777777778 
27 0.75 0.4895833333333333 0.09027777777777778 0.09027777777777778 
155 0.5520833333333334 0.15625 0.09027777777777778 0.09027777777777778 
145 0.8368055555555556 0.625 0.09027777777777778 0.09027777777777778 
119 0.8715277777777778 0.7534722222222222 0.09027777777777778 0.09027777777777778 
