116 0.13194444444444445 0.4618055555555556 0.09027777777777778 0.09027777777777778 
84 0.75 0.6805555555555556 0.09027777777777778 0.09027777777777778 
97 0.8993055555555556 0.3541666666666667 0.09027777777777778 0.09027777777777778 
28 0.22569444444444445 0.7638888888888888 0.09027777777777778 0.09027777777777778 
142 0.7430555555555556 0.4270833333333333 0.09027777777777778 0.09027777777777778 
31 0.8194444444444444 0.7152777777777778 0.09027777777777778 0.09027777777777778 
117 0.75 0.3229166666666667 0.09027777777777778 0.09027777777777778 
16 0.7951388888888888 0.4548611111111111 0.09027777777777778 0.09027777777777778 
50 0.5972222222222222 0.052083333333333336 0.09027777777777778 0.09027777777777778 
34 0.6840277777777778 0.2222222222222222 0.09027777777777778 0.09027777777777778 
