12 0.7083333333333334 0.14583333333333334 0.09027777777777778 0.09027777777777778 
108 0.125 0.6180555555555556 0.09027777777777778 0.09027777777777778 
118 0.08333333333333333 0.059027777777777776 0.09027777777777778 0.09027777777777778 
146 0.3368055555555556 0.4479166666666667 0.09027777777777778 0.09027777777777778 
72 0.1597222222222222 0.3020833333333333 0.09027777777777778 0.09027777777777778 
139 0.8645833333333334 0.21180555555555555 0.09027777777777778 0.09027777777777778 
133 0.4097222222222222 0.3888888888888889 0.09027777777777778 0.09027777777777778 
120 0.2673611111111111 0.6805555555555556 0.09027777777777778 0.09027777777777778 
128 0.5347222222222222 0.8784722222222222 0.09027777777777778 0.09027777777777778 
116 0.7847222222222222 0.6493055555555556 0.09027777777777778 0.09027777777777778 
