55 0.4861111111111111 0.3402777777777778 0.09027777777777778 0.09027777777777778 
25 0.9201388888888888 0.8298611111111112 0.09027777777777778 0.09027777777777778 
48 0.4965277777777778 0.09375 0.09027777777777778 0.09027777777777778 
26 0.8784722222222222 0.75 0.09027777777777778 0.09027777777777778 
130 0.6597222222222222 0.7986111111111112 0.09027777777777778 0.09027777777777778 
75 0.90625 0.8611111111111112 0.09027777777777778 0.09027777777777778 
86 0.7881944444444444 0.1909722222222222 0.09027777777777778 0.09027777777777778 
25 0.2986111111111111 0.4097222222222222 0.09027777777777778 0.09027777777777778 
79 0.3715277777777778 0.4131944444444444 0.09027777777777778 0.09027777777777778 
13 0.6458333333333334 0.8333333333333334 0.09027777777777778 0.09027777777777778 
