101 0.1284722222222222 0.6631944444444444 0.09027777777777778 0.09027777777777778 
25 0.8888888888888888 0.4895833333333333 0.09027777777777778 0.09027777777777778 
22 0.2569444444444444 0.13194444444444445 0.09027777777777778 0.09027777777777778 
13 0.9479166666666666 0.22916666666666666 0.09027777777777778 0.09027777777777778 
52 0.4444444444444444 0.2638888888888889 0.09027777777777778 0.09027777777777778 
151 0.4201388888888889 0.7777777777777778 0.09027777777777778 0.09027777777777778 
70 0.4479166666666667 0.3263888888888889 0.09027777777777778 0.09027777777777778 
117 0.8645833333333334 0.6215277777777778 0.09027777777777778 0.09027777777777778 
68 0.40625 0.5451388888888888 0.09027777777777778 0.09027777777777778 
154 0.59375 0.6736111111111112 0.09027777777777778 0.09027777777777778 
