111 0.04861111111111111 0.1111111111111111 0.09027777777777778 0.09027777777777778 
15 0.5243055555555556 0.7916666666666666 0.09027777777777778 0.09027777777777778 
20 0.6701388888888888 0.25 0.09027777777777778 0.09027777777777778 
75 0.23958333333333334 0.4791666666666667 0.09027777777777778 0.09027777777777778 
154 0.8541666666666666 0.9479166666666666 0.09027777777777778 0.09027777777777778 
21 0.5208333333333334 0.6041666666666666 0.09027777777777778 0.09027777777777778 
112 0.0798611111111111 0.3576388888888889 0.09027777777777778 0.09027777777777778 
99 0.2534722222222222 0.6180555555555556 0.09027777777777778 0.09027777777777778 
98 0.84375 0.4861111111111111 0.09027777777777778 0.09027777777777778 
131 0.8090277777777778 0.16666666666666666 0.09027777777777778 0.09027777777777778 
