77 0.25 0.9131944444444444 0.09027777777777778 0.09027777777777778 
81 0.4444444444444444 0.1701388888888889 0.09027777777777778 0.09027777777777778 
4 0.06597222222222222 0.7708333333333334 0.09027777777777778 0.09027777777777778 
142 0.3159722222222222 0.9131944444444444 0.09027777777777778 0.09027777777777778 
53 0.28125 0.1111111111111111 0.09027777777777778 0.09027777777777778 
156 0.5833333333333334 0.7777777777777778 0.09027777777777778 0.09027777777777778 
4 0.6076388888888888 0.625 0.09027777777777778 0.09027777777777778 
39 0.6944444444444444 0.9201388888888888 0.09027777777777778 0.09027777777777778 
13 0.2013888888888889 0.34375 0.09027777777777778 0.09027777777777778 
51 0.7708333333333334 0.6388888888888888 0.09027777777777778 0.09027777777777778 
