29 0.6423611111111112 0.052083333333333336 0.09027777777777778 0.09027777777777778 
8 0.5 0.8368055555555556 0.09027777777777778 0.09027777777777778 
105 0.4027777777777778 0.3541666666666667 0.09027777777777778 0.09027777777777778 
105 0.8333333333333334 0.9236111111111112 0.09027777777777778 0.09027777777777778 
30 0.8263888888888888 0.6284722222222222 0.09027777777777778 0.09027777777777778 
93 0.6319444444444444 0.08333333333333333 0.09027777777777778 0.09027777777777778 
105 0.7881944444444444 0.8854166666666666 0.09027777777777778 0.09027777777777778 
134 0.7465277777777778 0.3298611111111111 0.09027777777777778 0.09027777777777778 
44 0.7534722222222222 0.8194444444444444 0.09027777777777778 0.09027777777777778 
70 0.3923611111111111 0.7743055555555556 0.09027777777777778 0.09027777777777778 
