144 0.8229166666666666 0.5868055555555556 0.09027777777777778 0.09027777777777778 
6 0.4965277777777778 0.3298611111111111 0.09027777777777778 0.09027777777777778 
104 0.84375 0.8888888888888888 0.09027777777777778 0.09027777777777778 
77 0.4826388888888889 0.8020833333333334 0.09027777777777778 0.09027777777777778 
135 0.4027777777777778 0.9027777777777778 0.09027777777777778 0.09027777777777778 
27 0.11805555555555555 0.4166666666666667 0.09027777777777778 0.09027777777777778 
100 0.11458333333333333 0.7013888888888888 0.09027777777777778 0.09027777777777778 
149 0.4201388888888889 0.04861111111111111 0.09027777777777778 0.09027777777777778 
126 0.25 0.4270833333333333 0.09027777777777778 0.09027777777777778 
100 0.5451388888888888 0.2847222222222222 0.09027777777777778 0.09027777777777778 
