29 0.3229166666666667 0.6423611111111112 0.09027777777777778 0.09027777777777778 
113 0.8298611111111112 0.4895833333333333 0.09027777777777778 0.09027777777777778 
69 0.21180555555555555 0.4826388888888889 0.09027777777777778 0.09027777777777778 
138 0.7951388888888888 0.12152777777777778 0.09027777777777778 0.09027777777777778 
31 0.6875 0.14583333333333334 0.09027777777777778 0.09027777777777778 
72 0.18055555555555555 0.5243055555555556 0.09027777777777778 0.09027777777777778 
137 0.2743055555555556 0.6076388888888888 0.09027777777777778 0.09027777777777778 
75 0.3506944444444444 0.9270833333333334 0.09027777777777778 0.09027777777777778 
144 0.5868055555555556 0.65625 0.09027777777777778 0.09027777777777778 
117 0.5381944444444444 0.4270833333333333 0.09027777777777778 0.09027777777777778 
