41 0.4895833333333333 0.7465277777777778 0.09027777777777778 0.09027777777777778 
123 0.0763888888888889 0.90625 0.09027777777777778 0.09027777777777778 
156 0.9340277777777778 0.78125 0.09027777777777778 0.09027777777777778 
96 0.3993055555555556 0.5763888888888888 0.09027777777777778 0.09027777777777778 
68 0.4618055555555556 0.14930555555555555 0.09027777777777778 0.09027777777777778 
119 0.6354166666666666 0.3020833333333333 0.09027777777777778 0.09027777777777778 
10 0.6423611111111112 0.7673611111111112 0.09027777777777778 0.09027777777777778 
132 0.6597222222222222 0.7013888888888888 0.09027777777777778 0.09027777777777778 
7 0.23958333333333334 0.2222222222222222 0.09027777777777778 0.09027777777777778 
144 0.8333333333333334 0.5694444444444444 0.09027777777777778 0.09027777777777778 
