88 0.2222222222222222 0.8784722222222222 0.09027777777777778 0.09027777777777778 
41 0.7430555555555556 0.6006944444444444 0.09027777777777778 0.09027777777777778 
137 0.7430555555555556 0.2881944444444444 0.09027777777777778 0.09027777777777778 
109 0.4618055555555556 0.5590277777777778 0.09027777777777778 0.09027777777777778 
1 0.8993055555555556 0.9548611111111112 0.09027777777777778 0.09027777777777778 
106 0.9201388888888888 0.5486111111111112 0.09027777777777778 0.09027777777777778 
2 0.3888888888888889 0.4305555555555556 0.09027777777777778 0.09027777777777778 
42 0.2465277777777778 0.25 0.09027777777777778 0.09027777777777778 
81 0.4826388888888889 0.4652777777777778 0.09027777777777778 0.09027777777777778 
47 0.19444444444444445 0.4270833333333333 0.09027777777777778 0.09027777777777778 
