27 0.625 0.4722222222222222 0.09027777777777778 0.09027777777777778 
116 0.7048611111111112 0.8159722222222222 0.09027777777777778 0.09027777777777778 
92 0.2604166666666667 0.8194444444444444 0.09027777777777778 0.09027777777777778 
41 0.6770833333333334 0.1701388888888889 0.09027777777777778 0.09027777777777778 
154 0.5208333333333334 0.4513888888888889 0.09027777777777778 0.09027777777777778 
122 0.22569444444444445 0.3993055555555556 0.09027777777777778 0.09027777777777778 
67 0.1875 0.09027777777777778 0.09027777777777778 0.09027777777777778 
150 0.3576388888888889 0.0763888888888889 0.09027777777777778 0.09027777777777778 
115 0.46875 0.0798611111111111 0.09027777777777778 0.09027777777777778 
0 0.3368055555555556 0.8784722222222222 0.09027777777777778 0.09027777777777778 
