11 0.7048611111111112 0.7777777777777778 0.09027777777777778 0.09027777777777778 
149 0.5173611111111112 0.8923611111111112 0.09027777777777778 0.09027777777777778 
103 0.7152777777777778 0.9131944444444444 0.09027777777777778 0.09027777777777778 
80 0.4375 0.16666666666666666 0.09027777777777778 0.09027777777777778 
81 0.06597222222222222 0.9097222222222222 0.09027777777777778 0.09027777777777778 
22 0.5659722222222222 0.12152777777777778 0.09027777777777778 0.09027777777777778 
91 0.7569444444444444 0.7534722222222222 0.09027777777777778 0.09027777777777778 
127 0.4236111111111111 0.8125 0.09027777777777778 0.09027777777777778 
150 0.1388888888888889 0.4791666666666667 0.09027777777777778 0.09027777777777778 
106 0.14930555555555555 0.5555555555555556 0.09027777777777778 0.09027777777777778 
