139 0.5243055555555556 0.1076388888888889 0.09027777777777778 0.09027777777777778 
70 0.3368055555555556 0.2951388888888889 0.09027777777777778 0.09027777777777778 
10 0.13194444444444445 0.14930555555555555 0.09027777777777778 0.09027777777777778 
107 0.8229166666666666 0.4027777777777778 0.09027777777777778 0.09027777777777778 
69 0.3229166666666667 0.28125 0.09027777777777778 0.09027777777777778 
14 0.13541666666666666 0.9131944444444444 0.09027777777777778 0.09027777777777778 
108 0.3541666666666667 0.08680555555555555 0.09027777777777778 0.09027777777777778 
101 0.5972222222222222 0.6770833333333334 0.09027777777777778 0.09027777777777778 
143 0.4027777777777778 0.1076388888888889 0.09027777777777778 0.09027777777777778 
52 0.4305555555555556 0.7013888888888888 0.09027777777777778 0.09027777777777778 
