33 0.4861111111111111 0.6215277777777778 0.09027777777777778 0.09027777777777778 
9 0.9027777777777778 0.2152777777777778 0.09027777777777778 0.09027777777777778 
30 0.052083333333333336 0.8402777777777778 0.09027777777777778 0.09027777777777778 
116 0.7465277777777778 0.14930555555555555 0.09027777777777778 0.09027777777777778 
24 0.6736111111111112 0.8263888888888888 0.09027777777777778 0.09027777777777778 
131 0.3055555555555556 0.6736111111111112 0.09027777777777778 0.09027777777777778 
23 0.46875 0.6736111111111112 0.09027777777777778 0.09027777777777778 
35 0.05555555555555555 0.14930555555555555 0.09027777777777778 0.09027777777777778 
25 0.7743055555555556 0.4027777777777778 0.09027777777777778 0.09027777777777778 
132 0.3368055555555556 0.7048611111111112 0.09027777777777778 0.09027777777777778 
