59 0.5173611111111112 0.4861111111111111 0.09027777777777778 0.09027777777777778 
29 0.6979166666666666 0.06944444444444445 0.09027777777777778 0.09027777777777778 
92 0.14583333333333334 0.2152777777777778 0.09027777777777778 0.09027777777777778 
89 0.6840277777777778 0.8298611111111112 0.09027777777777778 0.09027777777777778 
78 0.8125 0.2777777777777778 0.09027777777777778 0.09027777777777778 
96 0.9201388888888888 0.8923611111111112 0.09027777777777778 0.09027777777777778 
8 0.75 0.4201388888888889 0.09027777777777778 0.09027777777777778 
94 0.375 0.8680555555555556 0.09027777777777778 0.09027777777777778 
10 0.1527777777777778 0.6423611111111112 0.09027777777777778 0.09027777777777778 
40 0.8159722222222222 0.9027777777777778 0.09027777777777778 0.09027777777777778 
