33 0.4027777777777778 0.1111111111111111 0.09027777777777778 0.09027777777777778 
128 0.8263888888888888 0.4930555555555556 0.09027777777777778 0.09027777777777778 
78 0.8541666666666666 0.2708333333333333 0.09027777777777778 0.09027777777777778 
57 0.7118055555555556 0.7916666666666666 0.09027777777777778 0.09027777777777778 
126 0.5173611111111112 0.5208333333333334 0.09027777777777778 0.09027777777777778 
111 0.3333333333333333 0.06597222222222222 0.09027777777777778 0.09027777777777778 
76 0.6111111111111112 0.8958333333333334 0.09027777777777778 0.09027777777777778 
32 0.6215277777777778 0.1284722222222222 0.09027777777777778 0.09027777777777778 
121 0.05555555555555555 0.7256944444444444 0.09027777777777778 0.09027777777777778 
53 0.4409722222222222 0.7743055555555556 0.09027777777777778 0.09027777777777778 
