28 0.2777777777777778 0.8298611111111112 0.09027777777777778 0.09027777777777778 
90 0.9375 0.7430555555555556 0.09027777777777778 0.09027777777777778 
113 0.34375 0.6875 0.09027777777777778 0.09027777777777778 
50 0.5416666666666666 0.3125 0.09027777777777778 0.09027777777777778 
124 0.5138888888888888 0.04861111111111111 0.09027777777777778 0.09027777777777778 
142 0.10416666666666667 0.2361111111111111 0.09027777777777778 0.09027777777777778 
10 0.9166666666666666 0.1076388888888889 0.09027777777777778 0.09027777777777778 
130 0.8645833333333334 0.6701388888888888 0.09027777777777778 0.09027777777777778 
70 0.7569444444444444 0.7847222222222222 0.09027777777777778 0.09027777777777778 
155 0.23958333333333334 0.7465277777777778 0.09027777777777778 0.09027777777777778 
