32 0.5659722222222222 0.4513888888888889 0.09027777777777778 0.09027777777777778 
14 0.25 0.10416666666666667 0.09027777777777778 0.09027777777777778 
128 0.3020833333333333 0.8993055555555556 0.09027777777777778 0.09027777777777778 
129 0.8854166666666666 0.7986111111111112 0.09027777777777778 0.09027777777777778 
89 0.3715277777777778 0.4791666666666667 0.09027777777777778 0.09027777777777778 
28 0.11458333333333333 0.08333333333333333 0.09027777777777778 0.09027777777777778 
74 0.6111111111111112 0.8159722222222222 0.09027777777777778 0.09027777777777778 
136 0.15625 0.9027777777777778 0.09027777777777778 0.09027777777777778 
135 0.4826388888888889 0.4965277777777778 0.09027777777777778 0.09027777777777778 
141 0.8923611111111112 0.21875 0.09027777777777778 0.09027777777777778 
