71 0.7256944444444444 0.2152777777777778 0.09027777777777778 0.09027777777777778 
47 0.5486111111111112 0.7743055555555556 0.09027777777777778 0.09027777777777778 
65 0.5972222222222222 0.3576388888888889 0.09027777777777778 0.09027777777777778 
135 0.6041666666666666 0.3645833333333333 0.09027777777777778 0.09027777777777778 
141 0.16319444444444445 0.3506944444444444 0.09027777777777778 0.09027777777777778 
115 0.5381944444444444 0.2986111111111111 0.09027777777777778 0.09027777777777778 
78 0.7708333333333334 0.5173611111111112 0.09027777777777778 0.09027777777777778 
0 0.6145833333333334 0.5659722222222222 0.09027777777777778 0.09027777777777778 
52 0.4930555555555556 0.10069444444444445 0.09027777777777778 0.09027777777777778 
8 0.5555555555555556 0.23958333333333334 0.09027777777777778 0.09027777777777778 
