110 0.2604166666666667 0.6041666666666666 0.09027777777777778 0.09027777777777778 
84 0.8993055555555556 0.8506944444444444 0.09027777777777778 0.09027777777777778 
30 0.4791666666666667 0.2951388888888889 0.09027777777777778 0.09027777777777778 
45 0.75 0.125 0.09027777777777778 0.09027777777777778 
0 0.0798611111111111 0.13194444444444445 0.09027777777777778 0.09027777777777778 
118 0.3402777777777778 0.4479166666666667 0.09027777777777778 0.09027777777777778 
112 0.4340277777777778 0.8298611111111112 0.09027777777777778 0.09027777777777778 
0 0.8506944444444444 0.059027777777777776 0.09027777777777778 0.09027777777777778 
70 0.3298611111111111 0.08333333333333333 0.09027777777777778 0.09027777777777778 
48 0.2604166666666667 0.9305555555555556 0.09027777777777778 0.09027777777777778 
