60 0.6736111111111112 0.052083333333333336 0.09027777777777778 0.09027777777777778 
22 0.1284722222222222 0.9166666666666666 0.09027777777777778 0.09027777777777778 
141 0.5381944444444444 0.4618055555555556 0.09027777777777778 0.09027777777777778 
58 0.59375 0.3229166666666667 0.09027777777777778 0.09027777777777778 
24 0.8680555555555556 0.6979166666666666 0.09027777777777778 0.09027777777777778 
75 0.6770833333333334 0.75 0.09027777777777778 0.09027777777777778 
23 0.3194444444444444 0.052083333333333336 0.09027777777777778 0.09027777777777778 
132 0.4444444444444444 0.3576388888888889 0.09027777777777778 0.09027777777777778 
113 0.4618055555555556 0.6666666666666666 0.09027777777777778 0.09027777777777778 
109 0.6076388888888888 0.5902777777777778 0.09027777777777778 0.09027777777777778 
