149 0.8298611111111112 0.5798611111111112 0.09027777777777778 0.09027777777777778 
48 0.5798611111111112 0.8020833333333334 0.09027777777777778 0.09027777777777778 
97 0.8993055555555556 0.7847222222222222 0.09027777777777778 0.09027777777777778 
95 0.8888888888888888 0.19791666666666666 0.09027777777777778 0.09027777777777778 
67 0.375 0.9548611111111112 0.09027777777777778 0.09027777777777778 
156 0.9027777777777778 0.4618055555555556 0.09027777777777778 0.09027777777777778 
69 0.8888888888888888 0.1875 0.09027777777777778 0.09027777777777778 
7 0.7569444444444444 0.04513888888888889 0.09027777777777778 0.09027777777777778 
17 0.5555555555555556 0.2534722222222222 0.09027777777777778 0.09027777777777778 
48 0.15625 0.3541666666666667 0.09027777777777778 0.09027777777777778 
