62 0.14930555555555555 0.16666666666666666 0.09027777777777778 0.09027777777777778 
148 0.1527777777777778 0.4826388888888889 0.09027777777777778 0.09027777777777778 
152 0.07291666666666667 0.14930555555555555 0.09027777777777778 0.09027777777777778 
124 0.1076388888888889 0.15625 0.09027777777777778 0.09027777777777778 
43 0.7743055555555556 0.4583333333333333 0.09027777777777778 0.09027777777777778 
18 0.24305555555555555 0.04513888888888889 0.09027777777777778 0.09027777777777778 
20 0.5590277777777778 0.6111111111111112 0.09027777777777778 0.09027777777777778 
85 0.5520833333333334 0.7222222222222222 0.09027777777777778 0.09027777777777778 
66 0.0798611111111111 0.7916666666666666 0.09027777777777778 0.09027777777777778 
104 0.9444444444444444 0.7743055555555556 0.09027777777777778 0.09027777777777778 
