143 0.1076388888888889 0.5555555555555556 0.09027777777777778 0.09027777777777778 
73 0.23958333333333334 0.4826388888888889 0.09027777777777778 0.09027777777777778 
135 0.8993055555555556 0.24305555555555555 0.09027777777777778 0.09027777777777778 
28 0.8020833333333334 0.28125 0.09027777777777778 0.09027777777777778 
40 0.125 0.9444444444444444 0.09027777777777778 0.09027777777777778 
60 0.8020833333333334 0.8090277777777778 0.09027777777777778 0.09027777777777778 
96 0.9027777777777778 0.4131944444444444 0.09027777777777778 0.09027777777777778 
122 0.2013888888888889 0.8715277777777778 0.09027777777777778 0.09027777777777778 
117 0.3576388888888889 0.09027777777777778 0.09027777777777778 0.09027777777777778 
126 0.5972222222222222 0.6041666666666666 0.09027777777777778 0.09027777777777778 
