95 0.18055555555555555 0.25 0.09027777777777778 0.09027777777777778 
91 0.07291666666666667 0.6701388888888888 0.09027777777777778 0.09027777777777778 
122 0.4375 0.4236111111111111 0.09027777777777778 0.09027777777777778 
152 0.6180555555555556 0.25 0.09027777777777778 0.09027777777777778 
89 0.7291666666666666 0.6458333333333334 0.09027777777777778 0.09027777777777778 
121 0.7326388888888888 0.6388888888888888 0.09027777777777778 0.09027777777777778 
69 0.6319444444444444 0.4548611111111111 0.09027777777777778 0.09027777777777778 
27 0.7291666666666666 0.2708333333333333 0.09027777777777778 0.09027777777777778 
38 0.19791666666666666 0.6215277777777778 0.09027777777777778 0.09027777777777778 
114 0.7395833333333334 0.6875 0.09027777777777778 0.09027777777777778 
