58 0.6875 0.9097222222222222 0.09027777777777778 0.09027777777777778 
149 0.7013888888888888 0.28125 0.09027777777777778 0.09027777777777778 
27 0.4479166666666667 0.9027777777777778 0.09027777777777778 0.09027777777777778 
124 0.8888888888888888 0.22916666666666666 0.09027777777777778 0.09027777777777778 
16 0.78125 0.4861111111111111 0.09027777777777778 0.09027777777777778 
91 0.46875 0.65625 0.09027777777777778 0.09027777777777778 
132 0.5659722222222222 0.2013888888888889 0.09027777777777778 0.09027777777777778 
157 0.6736111111111112 0.84375 0.09027777777777778 0.09027777777777778 
50 0.7465277777777778 0.5555555555555556 0.09027777777777778 0.09027777777777778 
83 0.10416666666666667 0.06597222222222222 0.09027777777777778 0.09027777777777778 
