141 0.375 0.3715277777777778 0.09027777777777778 0.09027777777777778 
155 0.05555555555555555 0.6354166666666666 0.09027777777777778 0.09027777777777778 
81 0.1527777777777778 0.7222222222222222 0.09027777777777778 0.09027777777777778 
108 0.4270833333333333 0.2743055555555556 0.09027777777777778 0.09027777777777778 
130 0.5868055555555556 0.1076388888888889 0.09027777777777778 0.09027777777777778 
67 0.8125 0.08333333333333333 0.09027777777777778 0.09027777777777778 
109 0.3541666666666667 0.7569444444444444 0.09027777777777778 0.09027777777777778 
103 0.875 0.6770833333333334 0.09027777777777778 0.09027777777777778 
149 0.4930555555555556 0.6805555555555556 0.09027777777777778 0.09027777777777778 
13 0.21180555555555555 0.5138888888888888 0.09027777777777778 0.09027777777777778 
