121 0.3402777777777778 0.5729166666666666 0.09027777777777778 0.09027777777777778 
74 0.1284722222222222 0.3298611111111111 0.09027777777777778 0.09027777777777778 
104 0.7743055555555556 0.6770833333333334 0.09027777777777778 0.09027777777777778 
28 0.40625 0.0763888888888889 0.09027777777777778 0.09027777777777778 
79 0.2708333333333333 0.5694444444444444 0.09027777777777778 0.09027777777777778 
25 0.78125 0.7118055555555556 0.09027777777777778 0.09027777777777778 
82 0.5555555555555556 0.6701388888888888 0.09027777777777778 0.09027777777777778 
147 0.8680555555555556 0.7048611111111112 0.09027777777777778 0.09027777777777778 
143 0.4756944444444444 0.5243055555555556 0.09027777777777778 0.09027777777777778 
55 0.5138888888888888 0.3888888888888889 0.09027777777777778 0.09027777777777778 
