140 0.4479166666666667 0.8263888888888888 0.09027777777777778 0.09027777777777778 
155 0.3993055555555556 0.19444444444444445 0.09027777777777778 0.09027777777777778 
57 0.8090277777777778 0.15625 0.09027777777777778 0.09027777777777778 
4 0.7673611111111112 0.8819444444444444 0.09027777777777778 0.09027777777777778 
97 0.1284722222222222 0.06597222222222222 0.09027777777777778 0.09027777777777778 
103 0.13194444444444445 0.2222222222222222 0.09027777777777778 0.09027777777777778 
110 0.16319444444444445 0.4409722222222222 0.09027777777777778 0.09027777777777778 
61 0.3333333333333333 0.65625 0.09027777777777778 0.09027777777777778 
88 0.8298611111111112 0.9513888888888888 0.09027777777777778 0.09027777777777778 
148 0.7083333333333334 0.7083333333333334 0.09027777777777778 0.09027777777777778 
