70 0.8576388888888888 0.6423611111111112 0.09027777777777778 0.09027777777777778 
142 0.06597222222222222 0.08333333333333333 0.09027777777777778 0.09027777777777778 
79 0.8368055555555556 0.8854166666666666 0.09027777777777778 0.09027777777777778 
85 0.6979166666666666 0.5208333333333334 0.09027777777777778 0.09027777777777778 
26 0.5902777777777778 0.3611111111111111 0.09027777777777778 0.09027777777777778 
65 0.5694444444444444 0.5486111111111112 0.09027777777777778 0.09027777777777778 
90 0.2326388888888889 0.2916666666666667 0.09027777777777778 0.09027777777777778 
79 0.9270833333333334 0.24305555555555555 0.09027777777777778 0.09027777777777778 
94 0.875 0.7951388888888888 0.09027777777777778 0.09027777777777778 
134 0.1840277777777778 0.8715277777777778 0.09027777777777778 0.09027777777777778 
