123 0.4930555555555556 0.4548611111111111 0.09027777777777778 0.09027777777777778 
47 0.6388888888888888 0.5625 0.09027777777777778 0.09027777777777778 
86 0.8229166666666666 0.7013888888888888 0.09027777777777778 0.09027777777777778 
44 0.2881944444444444 0.8506944444444444 0.09027777777777778 0.09027777777777778 
102 0.7534722222222222 0.10069444444444445 0.09027777777777778 0.09027777777777778 
107 0.3229166666666667 0.5659722222222222 0.09027777777777778 0.09027777777777778 
98 0.5451388888888888 0.8784722222222222 0.09027777777777778 0.09027777777777778 
137 0.3333333333333333 0.6180555555555556 0.09027777777777778 0.09027777777777778 
147 0.6493055555555556 0.4166666666666667 0.09027777777777778 0.09027777777777778 
76 0.3923611111111111 0.5347222222222222 0.09027777777777778 0.09027777777777778 
