119 0.7986111111111112 0.15625 0.09027777777777778 0.09027777777777778 
148 0.5104166666666666 0.13541666666666666 0.09027777777777778 0.09027777777777778 
146 0.7777777777777778 0.2222222222222222 0.09027777777777778 0.09027777777777778 
8 0.13541666666666666 0.3090277777777778 0.09027777777777778 0.09027777777777778 
30 0.5138888888888888 0.4791666666666667 0.09027777777777778 0.09027777777777778 
151 0.1388888888888889 0.3576388888888889 0.09027777777777778 0.09027777777777778 
52 0.7951388888888888 0.1840277777777778 0.09027777777777778 0.09027777777777778 
74 0.09722222222222222 0.5729166666666666 0.09027777777777778 0.09027777777777778 
30 0.21180555555555555 0.90625 0.09027777777777778 0.09027777777777778 
133 0.3993055555555556 0.4722222222222222 0.09027777777777778 0.09027777777777778 
