117 0.21180555555555555 0.4548611111111111 0.09027777777777778 0.09027777777777778 
27 0.7916666666666666 0.7951388888888888 0.09027777777777778 0.09027777777777778 
32 0.4513888888888889 0.9270833333333334 0.09027777777777778 0.09027777777777778 
135 0.84375 0.5 0.09027777777777778 0.09027777777777778 
35 0.5069444444444444 0.5833333333333334 0.09027777777777778 0.09027777777777778 
68 0.9340277777777778 0.0798611111111111 0.09027777777777778 0.09027777777777778 
10 0.14583333333333334 0.1597222222222222 0.09027777777777778 0.09027777777777778 
3 0.1597222222222222 0.3263888888888889 0.09027777777777778 0.09027777777777778 
45 0.05555555555555555 0.7777777777777778 0.09027777777777778 0.09027777777777778 
79 0.14930555555555555 0.84375 0.09027777777777778 0.09027777777777778 
