3 0.6666666666666666 0.7430555555555556 0.09027777777777778 0.09027777777777778 
4 0.1388888888888889 0.24305555555555555 0.09027777777777778 0.09027777777777778 
106 0.2986111111111111 0.5729166666666666 0.09027777777777778 0.09027777777777778 
113 0.2048611111111111 0.8229166666666666 0.09027777777777778 0.09027777777777778 
138 0.9409722222222222 0.8576388888888888 0.09027777777777778 0.09027777777777778 
72 0.7118055555555556 0.9479166666666666 0.09027777777777778 0.09027777777777778 
58 0.7638888888888888 0.6423611111111112 0.09027777777777778 0.09027777777777778 
43 0.8298611111111112 0.1111111111111111 0.09027777777777778 0.09027777777777778 
29 0.04513888888888889 0.125 0.09027777777777778 0.09027777777777778 
142 0.16319444444444445 0.7361111111111112 0.09027777777777778 0.09027777777777778 
