116 0.65625 0.8298611111111112 0.09027777777777778 0.09027777777777778 
65 0.6354166666666666 0.3506944444444444 0.09027777777777778 0.09027777777777778 
56 0.5069444444444444 0.7777777777777778 0.09027777777777778 0.09027777777777778 
27 0.3298611111111111 0.7569444444444444 0.09027777777777778 0.09027777777777778 
2 0.7777777777777778 0.6944444444444444 0.09027777777777778 0.09027777777777778 
75 0.8194444444444444 0.4965277777777778 0.09027777777777778 0.09027777777777778 
70 0.5277777777777778 0.6041666666666666 0.09027777777777778 0.09027777777777778 
26 0.22569444444444445 0.6840277777777778 0.09027777777777778 0.09027777777777778 
70 0.16666666666666666 0.8159722222222222 0.09027777777777778 0.09027777777777778 
62 0.3784722222222222 0.6909722222222222 0.09027777777777778 0.09027777777777778 
