90 0.4583333333333333 0.07291666666666667 0.09027777777777778 0.09027777777777778 
75 0.4131944444444444 0.4131944444444444 0.09027777777777778 0.09027777777777778 
55 0.05555555555555555 0.5104166666666666 0.09027777777777778 0.09027777777777778 
97 0.3680555555555556 0.375 0.09027777777777778 0.09027777777777778 
65 0.6076388888888888 0.90625 0.09027777777777778 0.09027777777777778 
53 0.84375 0.6597222222222222 0.09027777777777778 0.09027777777777778 
149 0.2708333333333333 0.7395833333333334 0.09027777777777778 0.09027777777777778 
100 0.6597222222222222 0.13194444444444445 0.09027777777777778 0.09027777777777778 
54 0.11805555555555555 0.6319444444444444 0.09027777777777778 0.09027777777777778 
55 0.4027777777777778 0.6701388888888888 0.09027777777777778 0.09027777777777778 
