25 0.3680555555555556 0.5347222222222222 0.09027777777777778 0.09027777777777778 
136 0.3854166666666667 0.24305555555555555 0.09027777777777778 0.09027777777777778 
3 0.9201388888888888 0.6631944444444444 0.09027777777777778 0.09027777777777778 
118 0.19444444444444445 0.4131944444444444 0.09027777777777778 0.09027777777777778 
36 0.14930555555555555 0.14930555555555555 0.09027777777777778 0.09027777777777778 
64 0.8541666666666666 0.06597222222222222 0.09027777777777778 0.09027777777777778 
86 0.8333333333333334 0.5381944444444444 0.09027777777777778 0.09027777777777778 
106 0.21875 0.1284722222222222 0.09027777777777778 0.09027777777777778 
54 0.11458333333333333 0.2569444444444444 0.09027777777777778 0.09027777777777778 
94 0.9097222222222222 0.5034722222222222 0.09027777777777778 0.09027777777777778 
