4 0.21180555555555555 0.21180555555555555 0.09027777777777778 0.09027777777777778 
142 0.0625 0.5590277777777778 0.09027777777777778 0.09027777777777778 
89 0.7777777777777778 0.9513888888888888 0.09027777777777778 0.09027777777777778 
64 0.9236111111111112 0.5173611111111112 0.09027777777777778 0.09027777777777778 
25 0.6388888888888888 0.4340277777777778 0.09027777777777778 0.09027777777777778 
18 0.7291666666666666 0.8888888888888888 0.09027777777777778 0.09027777777777778 
150 0.8020833333333334 0.3784722222222222 0.09027777777777778 0.09027777777777778 
134 0.1527777777777778 0.9513888888888888 0.09027777777777778 0.09027777777777778 
150 0.3298611111111111 0.8784722222222222 0.09027777777777778 0.09027777777777778 
148 0.4166666666666667 0.13194444444444445 0.09027777777777778 0.09027777777777778 
