74 0.6909722222222222 0.2569444444444444 0.09027777777777778 0.09027777777777778 
133 0.8125 0.8541666666666666 0.09027777777777778 0.09027777777777778 
92 0.5555555555555556 0.5173611111111112 0.09027777777777778 0.09027777777777778 
132 0.7291666666666666 0.09375 0.09027777777777778 0.09027777777777778 
46 0.3923611111111111 0.4409722222222222 0.09027777777777778 0.09027777777777778 
116 0.6875 0.052083333333333336 0.09027777777777778 0.09027777777777778 
74 0.16666666666666666 0.4756944444444444 0.09027777777777778 0.09027777777777778 
100 0.17708333333333334 0.8506944444444444 0.09027777777777778 0.09027777777777778 
18 0.5798611111111112 0.5034722222222222 0.09027777777777778 0.09027777777777778 
123 0.8125 0.4548611111111111 0.09027777777777778 0.09027777777777778 
