27 0.08680555555555555 0.9305555555555556 0.09027777777777778 0.09027777777777778 
59 0.08333333333333333 0.05555555555555555 0.09027777777777778 0.09027777777777778 
66 0.6215277777777778 0.4513888888888889 0.09027777777777778 0.09027777777777778 
73 0.1736111111111111 0.5729166666666666 0.09027777777777778 0.09027777777777778 
5 0.5277777777777778 0.7222222222222222 0.09027777777777778 0.09027777777777778 
98 0.84375 0.8680555555555556 0.09027777777777778 0.09027777777777778 
28 0.7256944444444444 0.12152777777777778 0.09027777777777778 0.09027777777777778 
4 0.8402777777777778 0.2916666666666667 0.09027777777777778 0.09027777777777778 
112 0.4548611111111111 0.5625 0.09027777777777778 0.09027777777777778 
68 0.8611111111111112 0.1840277777777778 0.09027777777777778 0.09027777777777778 
