38 0.5868055555555556 0.3159722222222222 0.09027777777777778 0.09027777777777778 
58 0.13541666666666666 0.1736111111111111 0.09027777777777778 0.09027777777777778 
5 0.8263888888888888 0.6215277777777778 0.09027777777777778 0.09027777777777778 
104 0.22916666666666666 0.7847222222222222 0.09027777777777778 0.09027777777777778 
3 0.7847222222222222 0.8854166666666666 0.09027777777777778 0.09027777777777778 
74 0.23958333333333334 0.0798611111111111 0.09027777777777778 0.09027777777777778 
88 0.4652777777777778 0.18055555555555555 0.09027777777777778 0.09027777777777778 
24 0.4861111111111111 0.9097222222222222 0.09027777777777778 0.09027777777777778 
115 0.2048611111111111 0.7256944444444444 0.09027777777777778 0.09027777777777778 
76 0.1875 0.22916666666666666 0.09027777777777778 0.09027777777777778 
