20 0.84375 0.7743055555555556 0.09027777777777778 0.09027777777777778 
62 0.1736111111111111 0.3159722222222222 0.09027777777777778 0.09027777777777778 
151 0.8611111111111112 0.6215277777777778 0.09027777777777778 0.09027777777777778 
109 0.9097222222222222 0.5347222222222222 0.09027777777777778 0.09027777777777778 
107 0.5868055555555556 0.4861111111111111 0.09027777777777778 0.09027777777777778 
32 0.6770833333333334 0.2048611111111111 0.09027777777777778 0.09027777777777778 
84 0.14583333333333334 0.3402777777777778 0.09027777777777778 0.09027777777777778 
81 0.21180555555555555 0.10069444444444445 0.09027777777777778 0.09027777777777778 
115 0.4409722222222222 0.3194444444444444 0.09027777777777778 0.09027777777777778 
12 0.19791666666666666 0.4722222222222222 0.09027777777777778 0.09027777777777778 
