124 0.2708333333333333 0.5972222222222222 0.09027777777777778 0.09027777777777778 
146 0.7083333333333334 0.5902777777777778 0.09027777777777778 0.09027777777777778 
137 0.8888888888888888 0.13194444444444445 0.09027777777777778 0.09027777777777778 
101 0.6006944444444444 0.8368055555555556 0.09027777777777778 0.09027777777777778 
90 0.21180555555555555 0.8194444444444444 0.09027777777777778 0.09027777777777778 
19 0.08333333333333333 0.14583333333333334 0.09027777777777778 0.09027777777777778 
156 0.9548611111111112 0.9270833333333334 0.09027777777777778 0.09027777777777778 
56 0.8541666666666666 0.5486111111111112 0.09027777777777778 0.09027777777777778 
113 0.6284722222222222 0.3298611111111111 0.09027777777777778 0.09027777777777778 
133 0.7534722222222222 0.7951388888888888 0.09027777777777778 0.09027777777777778 
