60 0.08680555555555555 0.40625 0.09027777777777778 0.09027777777777778 
9 0.4618055555555556 0.8541666666666666 0.09027777777777778 0.09027777777777778 
122 0.4826388888888889 0.8333333333333334 0.09027777777777778 0.09027777777777778 
131 0.2604166666666667 0.7326388888888888 0.09027777777777778 0.09027777777777778 
44 0.5451388888888888 0.7222222222222222 0.09027777777777778 0.09027777777777778 
7 0.1388888888888889 0.7395833333333334 0.09027777777777778 0.09027777777777778 
128 0.7083333333333334 0.7465277777777778 0.09027777777777778 0.09027777777777778 
98 0.7048611111111112 0.3263888888888889 0.09027777777777778 0.09027777777777778 
96 0.24305555555555555 0.3368055555555556 0.09027777777777778 0.09027777777777778 
149 0.0625 0.7430555555555556 0.09027777777777778 0.09027777777777778 
