117 0.7986111111111112 0.65625 0.09027777777777778 0.09027777777777778 
99 0.5659722222222222 0.4166666666666667 0.09027777777777778 0.09027777777777778 
33 0.3333333333333333 0.7395833333333334 0.09027777777777778 0.09027777777777778 
113 0.22916666666666666 0.16666666666666666 0.09027777777777778 0.09027777777777778 
40 0.7395833333333334 0.46875 0.09027777777777778 0.09027777777777778 
141 0.8090277777777778 0.4479166666666667 0.09027777777777778 0.09027777777777778 
127 0.4513888888888889 0.3229166666666667 0.09027777777777778 0.09027777777777778 
151 0.7222222222222222 0.17708333333333334 0.09027777777777778 0.09027777777777778 
114 0.9444444444444444 0.2152777777777778 0.09027777777777778 0.09027777777777778 
64 0.7291666666666666 0.2222222222222222 0.09027777777777778 0.09027777777777778 
