15 0.9027777777777778 0.15625 0.09027777777777778 0.09027777777777778 
148 0.4409722222222222 0.34375 0.09027777777777778 0.09027777777777778 
134 0.6076388888888888 0.8125 0.09027777777777778 0.09027777777777778 
59 0.4756944444444444 0.5104166666666666 0.09027777777777778 0.09027777777777778 
121 0.06597222222222222 0.7604166666666666 0.09027777777777778 0.09027777777777778 
105 0.5173611111111112 0.15625 0.09027777777777778 0.09027777777777778 
48 0.2465277777777778 0.1284722222222222 0.09027777777777778 0.09027777777777778 
143 0.2048611111111111 0.7083333333333334 0.09027777777777778 0.09027777777777778 
9 0.6979166666666666 0.90625 0.09027777777777778 0.09027777777777778 
12 0.2048611111111111 0.9236111111111112 0.09027777777777778 0.09027777777777778 
