31 0.6770833333333334 0.2326388888888889 0.09027777777777778 0.09027777777777778 
99 0.28125 0.7361111111111112 0.09027777777777778 0.09027777777777778 
84 0.8715277777777778 0.4097222222222222 0.09027777777777778 0.09027777777777778 
84 0.6736111111111112 0.3923611111111111 0.09027777777777778 0.09027777777777778 
95 0.5138888888888888 0.5625 0.09027777777777778 0.09027777777777778 
120 0.6423611111111112 0.875 0.09027777777777778 0.09027777777777778 
88 0.3645833333333333 0.5243055555555556 0.09027777777777778 0.09027777777777778 
7 0.3125 0.7777777777777778 0.09027777777777778 0.09027777777777778 
60 0.5763888888888888 0.1840277777777778 0.09027777777777778 0.09027777777777778 
2 0.3159722222222222 0.7534722222222222 0.09027777777777778 0.09027777777777778 
