29 0.8854166666666666 0.6215277777777778 0.09027777777777778 0.09027777777777778 
74 0.7916666666666666 0.2465277777777778 0.09027777777777778 0.09027777777777778 
81 0.3784722222222222 0.17708333333333334 0.09027777777777778 0.09027777777777778 
4 0.9270833333333334 0.8368055555555556 0.09027777777777778 0.09027777777777778 
52 0.2534722222222222 0.0798611111111111 0.09027777777777778 0.09027777777777778 
51 0.5729166666666666 0.1875 0.09027777777777778 0.09027777777777778 
16 0.3680555555555556 0.7361111111111112 0.09027777777777778 0.09027777777777778 
130 0.40625 0.8819444444444444 0.09027777777777778 0.09027777777777778 
11 0.21875 0.6423611111111112 0.09027777777777778 0.09027777777777778 
103 0.2708333333333333 0.5798611111111112 0.09027777777777778 0.09027777777777778 
