35 0.1701388888888889 0.875 0.09027777777777778 0.09027777777777778 
46 0.4930555555555556 0.7430555555555556 0.09027777777777778 0.09027777777777778 
30 0.6770833333333334 0.4131944444444444 0.09027777777777778 0.09027777777777778 
149 0.8715277777777778 0.3090277777777778 0.09027777777777778 0.09027777777777778 
144 0.11458333333333333 0.6944444444444444 0.09027777777777778 0.09027777777777778 
62 0.19444444444444445 0.6527777777777778 0.09027777777777778 0.09027777777777778 
32 0.11458333333333333 0.2013888888888889 0.09027777777777778 0.09027777777777778 
88 0.0798611111111111 0.5451388888888888 0.09027777777777778 0.09027777777777778 
120 0.3402777777777778 0.7118055555555556 0.09027777777777778 0.09027777777777778 
118 0.7048611111111112 0.5763888888888888 0.09027777777777778 0.09027777777777778 
