15 0.34375 0.2152777777777778 0.09027777777777778 0.09027777777777778 
61 0.8611111111111112 0.10416666666666667 0.09027777777777778 0.09027777777777778 
135 0.6319444444444444 0.5486111111111112 0.09027777777777778 0.09027777777777778 
58 0.0798611111111111 0.8611111111111112 0.09027777777777778 0.09027777777777778 
53 0.1111111111111111 0.4791666666666667 0.09027777777777778 0.09027777777777778 
8 0.7152777777777778 0.4375 0.09027777777777778 0.09027777777777778 
42 0.3298611111111111 0.4027777777777778 0.09027777777777778 0.09027777777777778 
129 0.6041666666666666 0.6458333333333334 0.09027777777777778 0.09027777777777778 
106 0.5868055555555556 0.6701388888888888 0.09027777777777778 0.09027777777777778 
26 0.9409722222222222 0.8576388888888888 0.09027777777777778 0.09027777777777778 
