123 0.2361111111111111 0.5138888888888888 0.09027777777777778 0.09027777777777778 
58 0.6388888888888888 0.7048611111111112 0.09027777777777778 0.09027777777777778 
44 0.8611111111111112 0.4166666666666667 0.09027777777777778 0.09027777777777778 
138 0.7291666666666666 0.8125 0.09027777777777778 0.09027777777777778 
36 0.8715277777777778 0.2604166666666667 0.09027777777777778 0.09027777777777778 
46 0.8020833333333334 0.9548611111111112 0.09027777777777778 0.09027777777777778 
65 0.875 0.5 0.09027777777777778 0.09027777777777778 
91 0.2743055555555556 0.09722222222222222 0.09027777777777778 0.09027777777777778 
148 0.5868055555555556 0.2465277777777778 0.09027777777777778 0.09027777777777778 
15 0.2916666666666667 0.5 0.09027777777777778 0.09027777777777778 
