23 0.9340277777777778 0.2361111111111111 0.09027777777777778 0.09027777777777778 
86 0.4583333333333333 0.7604166666666666 0.09027777777777778 0.09027777777777778 
146 0.8020833333333334 0.7465277777777778 0.09027777777777778 0.09027777777777778 
5 0.65625 0.7430555555555556 0.09027777777777778 0.09027777777777778 
124 0.6388888888888888 0.3541666666666667 0.09027777777777778 0.09027777777777778 
108 0.3333333333333333 0.1076388888888889 0.09027777777777778 0.09027777777777778 
14 0.7152777777777778 0.7083333333333334 0.09027777777777778 0.09027777777777778 
156 0.9131944444444444 0.23958333333333334 0.09027777777777778 0.09027777777777778 
98 0.1701388888888889 0.4027777777777778 0.09027777777777778 0.09027777777777778 
145 0.8680555555555556 0.7951388888888888 0.09027777777777778 0.09027777777777778 
