43 0.19444444444444445 0.7430555555555556 0.09027777777777778 0.09027777777777778 
145 0.3333333333333333 0.5486111111111112 0.09027777777777778 0.09027777777777778 
66 0.1909722222222222 0.8229166666666666 0.09027777777777778 0.09027777777777778 
143 0.0625 0.1736111111111111 0.09027777777777778 0.09027777777777778 
45 0.8090277777777778 0.5590277777777778 0.09027777777777778 0.09027777777777778 
45 0.3020833333333333 0.5034722222222222 0.09027777777777778 0.09027777777777778 
21 0.3819444444444444 0.3680555555555556 0.09027777777777778 0.09027777777777778 
26 0.8819444444444444 0.8298611111111112 0.09027777777777778 0.09027777777777778 
68 0.0798611111111111 0.7986111111111112 0.09027777777777778 0.09027777777777778 
106 0.7881944444444444 0.84375 0.09027777777777778 0.09027777777777778 
