24 0.5555555555555556 0.7569444444444444 0.09027777777777778 0.09027777777777778 
24 0.2465277777777778 0.4930555555555556 0.09027777777777778 0.09027777777777778 
83 0.28125 0.2638888888888889 0.09027777777777778 0.09027777777777778 
147 0.059027777777777776 0.5 0.09027777777777778 0.09027777777777778 
28 0.125 0.625 0.09027777777777778 0.09027777777777778 
76 0.2326388888888889 0.7083333333333334 0.09027777777777778 0.09027777777777778 
36 0.6145833333333334 0.7222222222222222 0.09027777777777778 0.09027777777777778 
143 0.7256944444444444 0.3159722222222222 0.09027777777777778 0.09027777777777778 
25 0.22569444444444445 0.06597222222222222 0.09027777777777778 0.09027777777777778 
76 0.59375 0.9513888888888888 0.09027777777777778 0.09027777777777778 
