117 0.5451388888888888 0.5104166666666666 0.09027777777777778 0.09027777777777778 
11 0.9340277777777778 0.1284722222222222 0.09027777777777778 0.09027777777777778 
32 0.9270833333333334 0.2013888888888889 0.09027777777777778 0.09027777777777778 
24 0.0798611111111111 0.8611111111111112 0.09027777777777778 0.09027777777777778 
113 0.75 0.75 0.09027777777777778 0.09027777777777778 
37 0.10416666666666667 0.21875 0.09027777777777778 0.09027777777777778 
74 0.4166666666666667 0.34375 0.09027777777777778 0.09027777777777778 
115 0.0763888888888889 0.20833333333333334 0.09027777777777778 0.09027777777777778 
89 0.7222222222222222 0.8923611111111112 0.09027777777777778 0.09027777777777778 
29 0.23958333333333334 0.6284722222222222 0.09027777777777778 0.09027777777777778 
