5 0.6944444444444444 0.875 0.09027777777777778 0.09027777777777778 
25 0.06944444444444445 0.13194444444444445 0.09027777777777778 0.09027777777777778 
73 0.46875 0.19444444444444445 0.09027777777777778 0.09027777777777778 
118 0.5347222222222222 0.2777777777777778 0.09027777777777778 0.09027777777777778 
106 0.3472222222222222 0.4652777777777778 0.09027777777777778 0.09027777777777778 
135 0.3819444444444444 0.7916666666666666 0.09027777777777778 0.09027777777777778 
78 0.8541666666666666 0.6041666666666666 0.09027777777777778 0.09027777777777778 
9 0.08680555555555555 0.6631944444444444 0.09027777777777778 0.09027777777777778 
87 0.8958333333333334 0.6666666666666666 0.09027777777777778 0.09027777777777778 
31 0.3506944444444444 0.3680555555555556 0.09027777777777778 0.09027777777777778 
