115 0.2013888888888889 0.4756944444444444 0.09027777777777778 0.09027777777777778 
61 0.5277777777777778 0.8298611111111112 0.09027777777777778 0.09027777777777778 
54 0.24305555555555555 0.4340277777777778 0.09027777777777778 0.09027777777777778 
100 0.2465277777777778 0.3298611111111111 0.09027777777777778 0.09027777777777778 
143 0.07291666666666667 0.4965277777777778 0.09027777777777778 0.09027777777777778 
121 0.2152777777777778 0.6180555555555556 0.09027777777777778 0.09027777777777778 
85 0.08333333333333333 0.4861111111111111 0.09027777777777778 0.09027777777777778 
80 0.04861111111111111 0.4652777777777778 0.09027777777777778 0.09027777777777778 
138 0.7673611111111112 0.7638888888888888 0.09027777777777778 0.09027777777777778 
79 0.17708333333333334 0.6805555555555556 0.09027777777777778 0.09027777777777778 
