117 0.8125 0.8854166666666666 0.09027777777777778 0.09027777777777778 
0 0.9548611111111112 0.2534722222222222 0.09027777777777778 0.09027777777777778 
69 0.2569444444444444 0.5590277777777778 0.09027777777777778 0.09027777777777778 
19 0.8611111111111112 0.25 0.09027777777777778 0.09027777777777778 
27 0.25 0.8055555555555556 0.09027777777777778 0.09027777777777778 
74 0.06944444444444445 0.4201388888888889 0.09027777777777778 0.09027777777777778 
0 0.6631944444444444 0.6770833333333334 0.09027777777777778 0.09027777777777778 
145 0.10416666666666667 0.7048611111111112 0.09027777777777778 0.09027777777777778 
69 0.06944444444444445 0.06944444444444445 0.09027777777777778 0.09027777777777778 
16 0.6180555555555556 0.7708333333333334 0.09027777777777778 0.09027777777777778 
