146 0.9166666666666666 0.34375 0.09027777777777778 0.09027777777777778 
64 0.8819444444444444 0.5520833333333334 0.09027777777777778 0.09027777777777778 
76 0.7326388888888888 0.8715277777777778 0.09027777777777778 0.09027777777777778 
124 0.7048611111111112 0.9375 0.09027777777777778 0.09027777777777778 
121 0.2673611111111111 0.6944444444444444 0.09027777777777778 0.09027777777777778 
18 0.4652777777777778 0.65625 0.09027777777777778 0.09027777777777778 
90 0.5138888888888888 0.8263888888888888 0.09027777777777778 0.09027777777777778 
36 0.7777777777777778 0.7048611111111112 0.09027777777777778 0.09027777777777778 
42 0.5798611111111112 0.6076388888888888 0.09027777777777778 0.09027777777777778 
70 0.5277777777777778 0.5520833333333334 0.09027777777777778 0.09027777777777778 
