130 0.4965277777777778 0.2048611111111111 0.09027777777777778 0.09027777777777778 
72 0.8055555555555556 0.052083333333333336 0.09027777777777778 0.09027777777777778 
65 0.4131944444444444 0.3506944444444444 0.09027777777777778 0.09027777777777778 
118 0.1736111111111111 0.6770833333333334 0.09027777777777778 0.09027777777777778 
73 0.3090277777777778 0.6388888888888888 0.09027777777777778 0.09027777777777778 
142 0.5833333333333334 0.9513888888888888 0.09027777777777778 0.09027777777777778 
25 0.4201388888888889 0.4236111111111111 0.09027777777777778 0.09027777777777778 
69 0.4305555555555556 0.46875 0.09027777777777778 0.09027777777777778 
102 0.4131944444444444 0.875 0.09027777777777778 0.09027777777777778 
132 0.4305555555555556 0.7083333333333334 0.09027777777777778 0.09027777777777778 
