123 0.16319444444444445 0.6180555555555556 0.09027777777777778 0.09027777777777778 
29 0.8506944444444444 0.4930555555555556 0.09027777777777778 0.09027777777777778 
76 0.16666666666666666 0.125 0.09027777777777778 0.09027777777777778 
87 0.1076388888888889 0.5694444444444444 0.09027777777777778 0.09027777777777778 
106 0.8506944444444444 0.7465277777777778 0.09027777777777778 0.09027777777777778 
154 0.4375 0.9548611111111112 0.09027777777777778 0.09027777777777778 
8 0.4444444444444444 0.625 0.09027777777777778 0.09027777777777778 
134 0.5833333333333334 0.18055555555555555 0.09027777777777778 0.09027777777777778 
47 0.6701388888888888 0.7395833333333334 0.09027777777777778 0.09027777777777778 
71 0.8611111111111112 0.21875 0.09027777777777778 0.09027777777777778 
