22 0.22569444444444445 0.9270833333333334 0.09027777777777778 0.09027777777777778 
21 0.2847222222222222 0.3958333333333333 0.09027777777777778 0.09027777777777778 
7 0.2222222222222222 0.6458333333333334 0.09027777777777778 0.09027777777777778 
38 0.1909722222222222 0.19791666666666666 0.09027777777777778 0.09027777777777778 
73 0.1388888888888889 0.8263888888888888 0.09027777777777778 0.09027777777777778 
40 0.1111111111111111 0.5347222222222222 0.09027777777777778 0.09027777777777778 
84 0.2951388888888889 0.6354166666666666 0.09027777777777778 0.09027777777777778 
148 0.6597222222222222 0.34375 0.09027777777777778 0.09027777777777778 
11 0.7881944444444444 0.9479166666666666 0.09027777777777778 0.09027777777777778 
130 0.2638888888888889 0.34375 0.09027777777777778 0.09027777777777778 
