34 0.5173611111111112 0.3263888888888889 0.09027777777777778 0.09027777777777778 
8 0.2881944444444444 0.59375 0.09027777777777778 0.09027777777777778 
72 0.7847222222222222 0.53125 0.09027777777777778 0.09027777777777778 
57 0.78125 0.3819444444444444 0.09027777777777778 0.09027777777777778 
152 0.4097222222222222 0.0798611111111111 0.09027777777777778 0.09027777777777778 
30 0.7430555555555556 0.2708333333333333 0.09027777777777778 0.09027777777777778 
107 0.5277777777777778 0.2048611111111111 0.09027777777777778 0.09027777777777778 
16 0.84375 0.3923611111111111 0.09027777777777778 0.09027777777777778 
36 0.0625 0.625 0.09027777777777778 0.09027777777777778 
91 0.4583333333333333 0.6388888888888888 0.09027777777777778 0.09027777777777778 
