26 0.13194444444444445 0.2222222222222222 0.09027777777777778 0.09027777777777778 
47 0.3819444444444444 0.7569444444444444 0.09027777777777778 0.09027777777777778 
45 0.9097222222222222 0.5763888888888888 0.09027777777777778 0.09027777777777778 
142 0.2986111111111111 0.0798611111111111 0.09027777777777778 0.09027777777777778 
151 0.09722222222222222 0.8611111111111112 0.09027777777777778 0.09027777777777778 
49 0.9375 0.8159722222222222 0.09027777777777778 0.09027777777777778 
76 0.75 0.7777777777777778 0.09027777777777778 0.09027777777777778 
92 0.21180555555555555 0.7847222222222222 0.09027777777777778 0.09027777777777778 
4 0.40625 0.7048611111111112 0.09027777777777778 0.09027777777777778 
104 0.2777777777777778 0.3368055555555556 0.09027777777777778 0.09027777777777778 
