60 0.25 0.4618055555555556 0.09027777777777778 0.09027777777777778 
71 0.3541666666666667 0.34375 0.09027777777777778 0.09027777777777778 
28 0.8506944444444444 0.4895833333333333 0.09027777777777778 0.09027777777777778 
23 0.8576388888888888 0.2326388888888889 0.09027777777777778 0.09027777777777778 
111 0.1597222222222222 0.7048611111111112 0.09027777777777778 0.09027777777777778 
145 0.15625 0.3854166666666667 0.09027777777777778 0.09027777777777778 
68 0.05555555555555555 0.16319444444444445 0.09027777777777778 0.09027777777777778 
72 0.4861111111111111 0.7708333333333334 0.09027777777777778 0.09027777777777778 
50 0.9444444444444444 0.22916666666666666 0.09027777777777778 0.09027777777777778 
149 0.4097222222222222 0.6388888888888888 0.09027777777777778 0.09027777777777778 
