65 0.3263888888888889 0.1111111111111111 0.09027777777777778 0.09027777777777778 
56 0.04861111111111111 0.5798611111111112 0.09027777777777778 0.09027777777777778 
99 0.14930555555555555 0.3229166666666667 0.09027777777777778 0.09027777777777778 
8 0.4930555555555556 0.5798611111111112 0.09027777777777778 0.09027777777777778 
5 0.2847222222222222 0.5416666666666666 0.09027777777777778 0.09027777777777778 
138 0.6701388888888888 0.8888888888888888 0.09027777777777778 0.09027777777777778 
3 0.06944444444444445 0.1701388888888889 0.09027777777777778 0.09027777777777778 
48 0.8263888888888888 0.5555555555555556 0.09027777777777778 0.09027777777777778 
93 0.3888888888888889 0.11805555555555555 0.09027777777777778 0.09027777777777778 
7 0.8784722222222222 0.3958333333333333 0.09027777777777778 0.09027777777777778 
