93 0.9097222222222222 0.53125 0.09027777777777778 0.09027777777777778 
59 0.1111111111111111 0.6493055555555556 0.09027777777777778 0.09027777777777778 
104 0.2152777777777778 0.5034722222222222 0.09027777777777778 0.09027777777777778 
79 0.8819444444444444 0.4618055555555556 0.09027777777777778 0.09027777777777778 
86 0.1909722222222222 0.7638888888888888 0.09027777777777778 0.09027777777777778 
38 0.5069444444444444 0.6215277777777778 0.09027777777777778 0.09027777777777778 
103 0.8576388888888888 0.09027777777777778 0.09027777777777778 0.09027777777777778 
84 0.4965277777777778 0.1909722222222222 0.09027777777777778 0.09027777777777778 
91 0.2638888888888889 0.15625 0.09027777777777778 0.09027777777777778 
32 0.8368055555555556 0.12152777777777778 0.09027777777777778 0.09027777777777778 
