14 0.3298611111111111 0.2604166666666667 0.09027777777777778 0.09027777777777778 
45 0.04861111111111111 0.8611111111111112 0.09027777777777778 0.09027777777777778 
46 0.8472222222222222 0.5069444444444444 0.09027777777777778 0.09027777777777778 
11 0.1388888888888889 0.06944444444444445 0.09027777777777778 0.09027777777777778 
34 0.5902777777777778 0.2777777777777778 0.09027777777777778 0.09027777777777778 
93 0.8541666666666666 0.6875 0.09027777777777778 0.09027777777777778 
49 0.3263888888888889 0.25 0.09027777777777778 0.09027777777777778 
126 0.5208333333333334 0.1909722222222222 0.09027777777777778 0.09027777777777778 
150 0.24305555555555555 0.9409722222222222 0.09027777777777778 0.09027777777777778 
118 0.8194444444444444 0.6631944444444444 0.09027777777777778 0.09027777777777778 
